1.905441160240116005e+02,-3.246909038563013539e-03
1.907507961626265285e+02,1.791398090241707805e-03
1.909574919497788130e+02,2.679099822459682281e-03
1.911642033826485658e+02,7.765390828681590848e-03
1.913709304584159838e+02,8.365189296396438948e-03
1.915776731742611787e+02,-3.342876793397388854e-03
1.917844315273643474e+02,1.054845571887848450e-02
1.919912055149056016e+02,1.887365845076083336e-03
1.921979951340651382e+02,1.191599622526833685e-02
1.924048003820230974e+02,3.470833799843281442e-03
1.926116212559596192e+02,2.199261048287803975e-03
1.928184577530549006e+02,1.623454519281550355e-03
1.930253098704890533e+02,1.359543193487017373e-03
1.932321776054422457e+02,6.205914812622987005e-03
1.934390609550946749e+02,5.366196957822200186e-03
1.936459599166264240e+02,9.036963580237330042e-04
1.938528744872177185e+02,-2.311223428927850973e-03
1.940598046640486700e+02,5.174261448153448691e-03
1.942667504442994471e+02,3.758737064346670412e-04
1.944737118251501897e+02,-3.438844548231502550e-04
1.946806888037810950e+02,1.249180275427459220e-02
1.948876813773722745e+02,-5.694086786839591859e-03
1.950946895431039252e+02,9.756721741495148151e-04
1.953017132981561588e+02,5.270229202987824872e-03
1.955087526397091722e+02,2.967003086962809091e-03
1.957158075649430771e+02,1.479502887029986950e-03
1.959228780710380988e+02,4.070632267558129541e-03
1.961299641551743207e+02,3.446841861134687397e-03
1.963370658145319396e+02,1.455510948321392904e-03
1.965441830462910673e+02,2.703091761168276326e-03
1.967513158476319290e+02,1.045248796404410832e-02
1.969584642157346366e+02,8.845028070568316386e-03
1.971656281477793584e+02,-1.135618432206749254e-03
1.973728076409462346e+02,6.733737464212053402e-03
1.975800026924154338e+02,4.646438796564383161e-03
1.977872132993670959e+02,6.061963180371423600e-03
1.979944394589814181e+02,7.381519809344088724e-03
1.982016811684385118e+02,3.350874106300311649e-03
1.984089384249185457e+02,7.909342460933154254e-03
1.986162112256016883e+02,5.366196957822200186e-03
1.988234995676681081e+02,4.166600022392504855e-03
1.990308034482979167e+02,-1.063642616080967551e-03
1.992381228646712827e+02,8.053294093184717659e-03
1.994454578139684031e+02,-5.862030357799749743e-03
1.996528082933693895e+02,-3.366868732105982899e-03
1.998601743000544104e+02,-4.158602709489320117e-04
2.000675558312036344e+02,-3.150941283728637791e-03
2.002749528839971731e+02,-3.390860670814576944e-03
2.004823654556152519e+02,5.198253386862304462e-04
2.006897935432379825e+02,1.018857663824957599e-02
2.008972371440455333e+02,3.542809615969063144e-03
2.011046962552180446e+02,5.054301754610479765e-03
2.013121708739356848e+02,-7.061627293229445074e-03
2.015196609973786224e+02,7.117608483549555526e-03
2.017271666227269975e+02,1.033252827050113939e-02
2.019346877471609503e+02,4.286559715935474649e-03
2.021422243678606492e+02,6.517810015834708294e-03
2.023497764820062912e+02,4.238575838518286558e-03
2.025573440867779595e+02,-2.335215367636444585e-03
2.027649271793558796e+02,5.606116344908139773e-03
2.029725257569201631e+02,9.108939396362850452e-03
2.031801398166509784e+02,2.847043393419839731e-03
2.033877693557284658e+02,7.837366644807635362e-04
2.035954143713328222e+02,7.141600422258150005e-03
2.038030748606441591e+02,-3.990659138529424610e-03
2.040107508208426736e+02,2.463172374082337173e-03
2.042184422491084774e+02,3.686761248220626550e-03
2.044261491426217390e+02,9.804705618912072998e-03
2.046338714985626552e+02,3.038978903088852845e-04
2.048416093141113379e+02,1.011660082212379429e-02
2.050493625864479554e+02,8.365189296396438948e-03
2.052571313127526480e+02,2.775067577294058029e-03
2.054649154902056125e+02,1.179603653172536792e-02
2.056727151159869607e+02,5.750067977159703178e-03
2.058805301872768609e+02,-2.982997712768480341e-03
2.060883607012555103e+02,7.141600422258150005e-03
2.062962066551029920e+02,-4.518481790118491007e-03
2.065040680459995315e+02,-1.135618432206749254e-03
2.067119448711252403e+02,2.607124006333900578e-03
2.069198371276602870e+02,-3.678763935317441920e-04
2.071277448127848118e+02,6.061963180371423600e-03
2.073356679236790114e+02,9.780713680203480254e-03
2.075436064575229977e+02,9.516802354409208782e-04
2.077515604114969676e+02,6.277890628748768707e-03
2.079595297827810327e+02,4.502487164312819756e-03
2.081675145685553900e+02,7.981318277058935956e-03
2.083755147660001796e+02,6.493818077126113815e-03
2.085835303722955416e+02,8.077286031893312138e-03
2.087915613846216445e+02,-4.542473728827084618e-03
2.089996078001586568e+02,1.719422274115925886e-03
2.092076696160867186e+02,4.766398490107352955e-03
2.094157468295859701e+02,6.109947057788611691e-03
2.096238394378366081e+02,6.133938996497205302e-03
2.098319474380187728e+02,1.196398010268552581e-02
2.100400708273126043e+02,5.318213080405012096e-03
2.102482096028982710e+02,1.647446457990118032e-02
2.104563637619559415e+02,-2.143279857967693523e-03
2.106645333016657275e+02,2.343212680539367813e-03
2.108727182192078544e+02,-5.957998112634125057e-03
2.110809185117624054e+02,-3.558804241774734395e-03
2.112891341765095774e+02,7.261560115801118931e-03
2.114973652106295390e+02,1.887365845076083336e-03
2.117056116113024018e+02,7.501479502887058518e-03
2.119138733757083344e+02,-5.862030357799749743e-03
2.121221505010275337e+02,8.317205418979251724e-03
2.123304429844401113e+02,5.366196957822200186e-03
2.125387508231262359e+02,-1.903360470881754370e-03
2.127470740142660759e+02,9.708737864077698551e-03
2.129554125550397714e+02,1.954543273460120079e-02
2.131637664426274910e+02,1.743414212824519931e-03
2.133721356742093462e+02,5.534140528782358071e-03
2.135805202469655626e+02,1.210793173493708921e-02
2.137889201580762801e+02,6.157930935206060857e-04
2.139973354047216105e+02,3.614785432094844847e-03
2.142057659840817507e+02,2.703091761168276326e-03
2.144142118933368124e+02,1.095631867692484392e-03
2.146226731296670209e+02,2.271236864413586111e-03
2.148311496902524880e+02,-1.567473328961439686e-03
2.150396415722733536e+02,1.107627837046755090e-02
2.152481487729098149e+02,-3.174933222437231837e-03
2.154566712893419833e+02,-4.590457606244272709e-03
2.156652091187500559e+02,4.838374306233134657e-03
2.158737622583141729e+02,1.575470641864362481e-03
2.160823307052145026e+02,1.839381967659157351e-04
2.162909144566311852e+02,-3.726747812734891412e-03
2.164995135097443608e+02,-1.111626493498155425e-03
2.167081278617342264e+02,1.227587530589724710e-02
2.169167575097808935e+02,2.319220741830773768e-03
2.171254024510645309e+02,-7.037635354520589302e-04
2.173340626827653352e+02,3.854704819180784000e-03
2.175427382020634184e+02,2.775067577294058029e-03
2.177514290061389488e+02,5.798051854576890402e-03
2.179601350921720950e+02,-2.239247612801807327e-04
2.181688564573429687e+02,-9.916667999551858487e-04
2.183775930988317953e+02,5.390188896530793798e-03
2.185863450138186579e+02,1.126821388013630153e-02
2.187951121994837820e+02,-7.757393515778406327e-04
2.190038946530072508e+02,8.797044193151391757e-04
2.192126923715692897e+02,1.069240735113004791e-02
2.194215053523500103e+02,1.364341581228709945e-02
2.196303335925295812e+02,1.407527070904205247e-03
2.198391770892881709e+02,7.261560115801118931e-03
2.200480358398059195e+02,-3.414852609523170556e-03
2.202569098412629671e+02,9.228899089905819378e-03
2.204657990908395107e+02,-5.838038419091155264e-03
2.206747035857156902e+02,-3.006989651477074386e-03
2.208836233230716175e+02,-4.134610770780988015e-03
2.210925583000875179e+02,-1.999328225715868229e-04
2.213015085139435314e+02,-5.838038419091155264e-03
2.215104739618197698e+02,8.461157051230815129e-03
2.217194546408964300e+02,3.326882167591718037e-03
2.219284505483536520e+02,4.670430735272976773e-03
2.221374616813716045e+02,-4.254570464323957808e-03
2.223464880371304275e+02,-7.277554741606528672e-04
2.225555296128102896e+02,1.503494825738580778e-03
2.227645864055913307e+02,9.516802354409208782e-04
2.229736584126537196e+02,-8.693079125413831487e-03
2.231827456311776245e+02,-2.887029957934104593e-03
2.233918480583431858e+02,9.828697557620667477e-03
2.236009656913305435e+02,-1.999328225715868229e-04
2.238100985273198944e+02,6.517810015834708294e-03
2.240192465634913503e+02,-1.519489451544251812e-03
2.242284097970251082e+02,1.263575438652641625e-03
2.244375882251012797e+02,5.030309815901885286e-03
2.246467818449000333e+02,-1.855376593464566496e-03
2.248559906536015660e+02,-2.311223428927850973e-03
2.250652146483860179e+02,1.623454519281550355e-03
2.252744538264335006e+02,7.717406951264403625e-03
2.254837081849242111e+02,3.758737064346408252e-03
2.256929777210382895e+02,1.767406151533113760e-03
2.259022624319559043e+02,3.998656451432609240e-04
2.261115623148571956e+02,3.926680635306565269e-03
2.263208773669223319e+02,6.757729402920647013e-03
2.265302075853314818e+02,-3.030981590185667998e-03
2.267395529672647569e+02,-4.614449544952866321e-03
2.269489135099023542e+02,1.289966571232068794e-02
2.271582892104244138e+02,-3.702755874026297800e-03
2.273676800660111041e+02,-1.519489451544251812e-03
2.275770860738425654e+02,4.550471041730006980e-03
2.277865072310989376e+02,-3.774731690152079502e-03
2.279959435349604178e+02,-1.687433022504409262e-03
2.282053949826071459e+02,9.324866844740195559e-03
2.284148615712192623e+02,-6.341869131971628049e-03
2.286243432979769636e+02,9.972649189872230882e-03
2.288338401600603333e+02,-7.973320964156014462e-03
2.290433521546495967e+02,-3.366868732105982899e-03
2.292528792789248939e+02,-7.037635354520589302e-04
2.294624215300663650e+02,3.974664512723753360e-03
2.296719789052541500e+02,-2.982997712768480341e-03
2.298815514016684460e+02,8.053294093184717659e-03
2.300911390164893930e+02,6.157930935206060857e-04
2.303007417468971312e+02,-5.286223828793496123e-03
2.305103595900718290e+02,5.198253386862043170e-03
2.307199925431936549e+02,2.064906191519652254e-02
2.309296406034427491e+02,1.599462580572956526e-03
2.311393037679992517e+02,-7.277554741606790181e-03
2.313489820340433596e+02,-3.294892915980201197e-03
2.315586753987552129e+02,7.597447257721695992e-04
2.317683838593149517e+02,-1.783400777338784793e-03
2.319781074129027445e+02,1.318756897682381475e-02
2.321878460566987314e+02,-5.358199644919277825e-03
2.323975997878830810e+02,1.935349722493271210e-03
2.326073686036359618e+02,-5.070296380416150148e-03
2.328171525011375138e+02,1.328353673165819093e-02
2.330269514775679056e+02,2.367204619247961425e-03
2.332367655301072773e+02,-2.959005774059624352e-04
2.334465946559357974e+02,7.285552054509713410e-03
2.336564388522336060e+02,3.782729003055002297e-03
2.338662981161808716e+02,-5.022312502998962924e-03
2.340761724449577628e+02,5.726076038451108699e-03
2.342860618357444196e+02,7.213576238383931707e-03
2.344959662857209821e+02,2.127285232162022272e-03
2.347058857920676189e+02,5.918011548119860195e-03
2.349158203519644985e+02,-3.246909038563013539e-03
2.351257699625917894e+02,3.350874106300311649e-03
2.353357346211296033e+02,-1.903360470881754370e-03
2.355457143247581087e+02,3.710753186929220595e-03
2.357557090706574741e+02,9.756721741495148151e-04
2.359657188560078964e+02,-4.278562403032551420e-03
2.361757436779894590e+02,9.204907151197226634e-03
2.363857835337823303e+02,1.551478703155768652e-03
2.365958384205667073e+02,2.175269109579210363e-03
2.368059083355227301e+02,1.647446457990144183e-03
2.370159932758305104e+02,2.295228803122179723e-03
2.372260932386702734e+02,3.038978903088852845e-04
2.374362082212221594e+02,-7.517474128692466957e-04
2.376463382206662800e+02,2.295228803122179723e-03
2.378564832341828037e+02,-3.222917099854419494e-03
2.380666432589518990e+02,-4.758401177204429726e-03
2.382768182921537630e+02,4.382527470769849963e-03
2.384870083309684787e+02,-1.807392716047378839e-03
2.386972133725762433e+02,1.006861694470660706e-02
2.389074334141572251e+02,-9.628764735048993620e-03
2.391176684528915359e+02,7.333535931926900633e-03
2.393279184859593727e+02,-7.493482189984135289e-03
2.395381835105408754e+02,7.597447257721695992e-04
2.397484635238161843e+02,-4.086626893363799924e-03
2.399587585229654678e+02,5.198253386862304462e-04
2.401690685051688945e+02,1.911357783784677165e-03
2.403793934676066328e+02,5.965995425537048286e-03
2.405897334074587661e+02,6.277890628748768707e-03
2.408000883219055481e+02,8.533132867356596832e-03
2.410104582081270621e+02,2.871035332128433776e-03
2.412208430633035050e+02,-4.134610770780988015e-03
2.414312428846149885e+02,-3.318884854688795242e-03
2.416416576692417095e+02,-5.118280257833338238e-03
2.418520874143638366e+02,5.534140528782358071e-03
2.420625321171614530e+02,1.179603653172536792e-02
2.422729917748147841e+02,4.598454919147195070e-03
2.424834663845039699e+02,4.022648390140941450e-03
2.426939559434091791e+02,-3.966667199820830998e-03
2.429044604487104948e+02,-4.638441483661459933e-03
2.431149798975881708e+02,-5.742070664256779949e-03
2.433255142872223189e+02,3.086962780505778884e-03
2.435360636147930791e+02,1.321156091553240923e-02
2.437466278774806199e+02,-2.815054141808322891e-03
2.439572070724651098e+02,-1.135618432206749254e-03
2.441678011969266890e+02,9.036963580237330042e-04
2.443784102480455260e+02,1.695430335407332057e-03
2.445890342230017609e+02,-6.917675660977881669e-03
2.447996731189755906e+02,-3.102957406311449701e-03
2.450103269331470983e+02,3.518817677260731042e-04
2.452209956626965095e+02,2.319220741830773768e-03
2.454316793048039358e+02,-4.950336686873181222e-03
2.456423778566495741e+02,-8.597111370579455306e-03
2.458530913154135362e+02,-5.598119032002336361e-05
2.460638196782759906e+02,-9.316869531837272331e-03
2.462745629424171057e+02,8.845028070568316386e-03
2.464853211050170501e+02,6.037971241662829988e-03
2.466960941632559638e+02,-5.358199644919277825e-03
2.469068821143139871e+02,-2.767070264391135234e-03
2.471176849553712600e+02,-4.494489851409896528e-03
2.473285026836080078e+02,3.542809615969063144e-03
2.475393352962043423e+02,6.733737464212053402e-03
2.477501827903404035e+02,-3.606788119191922052e-03
2.479610451631963883e+02,-4.254570464323957808e-03
2.481719224119524370e+02,1.529885958318007860e-02
2.483828145337886895e+02,-3.390860670814576944e-03
2.485937215258853143e+02,5.438172773947981889e-03
2.488046433854224517e+02,7.549463380304245741e-03
2.490155801095802701e+02,3.758737064346408252e-03
2.492265316955389380e+02,-6.653764335183348470e-03
2.494374981404786240e+02,6.085955119080017212e-03
2.496484794415794113e+02,1.088434286079880027e-02
2.498594755960215537e+02,-7.925337086738825504e-03
2.500704866009851344e+02,-6.197917499720064644e-03
2.502815124536503220e+02,3.518817677260731042e-04
2.504925531511973134e+02,3.254906351465936334e-03
2.507036086908062202e+02,-4.590457606244272709e-03
2.509146790696572111e+02,1.623454519281550355e-03
2.511257642849304261e+02,-2.455175061179414378e-03
2.513368643338060622e+02,7.789382767390185328e-03
2.515479792134642594e+02,1.301962540586365687e-02
2.517591089210851578e+02,8.317205418979251724e-03
2.519702534538488976e+02,7.597447257721695992e-04
2.521814128089357041e+02,-1.663441083795815217e-03
2.523925869835256606e+02,5.654100222325326996e-03
2.526037759747989639e+02,-1.080436973177009534e-02
2.528149797799357259e+02,9.516802354409208782e-04
2.530261983961161718e+02,-2.599126693430977783e-03
2.532374318205203849e+02,-1.855376593464566496e-03
2.534486800503285906e+02,5.678092161034183202e-04
2.536599430827208721e+02,7.357527870635495112e-03
2.538712209148774548e+02,1.313958509940662753e-02
2.540825135439784503e+02,6.853697157755022328e-03
2.542938209672040273e+02,9.756721741494885775e-03
2.545051431817343541e+02,-3.342876793397388854e-03
2.547164801847495710e+02,-4.638441483661459933e-03
2.549278319734298179e+02,5.582124406199545294e-03
2.551391985449552635e+02,1.239583499944047797e-03
2.553505798965060762e+02,-3.270900977271607151e-03
2.555619760252624246e+02,-5.406183522336465049e-03
2.557733869284044488e+02,8.317205418979513017e-04
2.559848126031122888e+02,-2.335215367636444585e-03
2.561962530465660848e+02,-3.438844548231764602e-03
2.564077082559460905e+02,-1.999328225716130118e-03
2.566191782284323608e+02,7.861358583515967030e-03
2.568306629612050642e+02,6.349866444874550410e-03
2.570421624514443693e+02,5.006317877193291674e-03
2.572536766963304444e+02,-3.150941283728637791e-03
2.574652056930434583e+02,-5.118280257833076512e-04
2.576767494387635224e+02,-9.916667999551858487e-04
2.578883079306708623e+02,3.998656451435227588e-05
2.580998811659455896e+02,-7.493482189984135289e-03
2.583114691417678159e+02,3.038978903088852845e-04
2.585230718553177667e+02,-8.357191983493515719e-03
2.587346893037755535e+02,2.703091761168276326e-03
2.589463214843214018e+02,1.887365845076083336e-03
2.591579683941353665e+02,2.895027270837027388e-03
2.593696300303976727e+02,7.117608483549817252e-04
2.595813063902884323e+02,5.390188896530793798e-03
2.597929974709878707e+02,1.839381967658895462e-03
2.600047032696760994e+02,-6.365861070680221660e-03
2.602164237835332870e+02,6.469826138417520203e-03
2.604281590097394883e+02,4.694422673981570385e-03
2.606399089454750424e+02,5.174261448153448691e-03
2.608516735879200041e+02,5.534140528782358071e-03
2.610634529342544852e+02,-6.029973928759906759e-03
2.612752469816587109e+02,3.614785432094844847e-03
2.614870557273128497e+02,-6.005981990051313148e-03
2.616988791683970135e+02,-1.111626493498155425e-03
2.619107173020913706e+02,-5.957998112634125057e-03
2.621225701255760896e+02,1.311559316069829499e-03
2.623344376360312822e+02,5.486156651365169980e-03
2.625463198306371737e+02,7.117608483549817252e-04
2.627582167065738759e+02,1.479502887029986950e-03
2.629701282610215571e+02,5.846035731994078492e-03
2.631820544911603292e+02,2.439180435373743128e-03
2.633939953941704175e+02,-1.495497512835657983e-03
2.636059509672319336e+02,4.718414612690426807e-04
2.638179212075251030e+02,1.280369795748631176e-02
2.640299061122299804e+02,-5.382191583627871437e-03
2.642419056785267912e+02,-2.671102509556759486e-03
2.644539199035956472e+02,3.038978903088852845e-04
2.646659487846167167e+02,7.405511748052682336e-03
2.648779923187701684e+02,-4.158602709489581627e-03
2.650900505032361707e+02,-3.798723628860673114e-03
2.653021233351948354e+02,-1.351545880584094578e-03
2.655142108118263877e+02,1.527486764447174607e-03
2.657263129303108826e+02,-6.317877193263033569e-03
2.659384296878286023e+02,4.238575838518286558e-03
2.661505610815596015e+02,-4.182594648198176106e-03
2.663627071086840488e+02,-5.598119032004954167e-04
2.665748677663821695e+02,-1.519489451544251812e-03
2.667870430518340754e+02,-5.598119032005216544e-03
2.669992329622198781e+02,-3.198925161145825449e-03
2.672114374947198030e+02,4.286559715935474649e-03
2.674236566465139617e+02,-3.678763935317703754e-03
2.676358904147825228e+02,2.271236864413586111e-03
2.678481387967056548e+02,-4.158602709489320117e-04
2.680604017894635263e+02,3.014986964379997181e-03
2.682726793902361919e+02,-4.134610770780988015e-03
2.684849715962039909e+02,2.679099822459682281e-03
2.686972784045468643e+02,-1.495497512835657983e-03
2.689095998124451512e+02,3.302890228883123992e-03
2.691219358170789064e+02,-4.590457606244272709e-03
2.693342864156283554e+02,1.205994785751990199e-02
2.695466516052736097e+02,-6.965659538395069759e-03
2.697590313831947810e+02,1.105228643175895642e-02
2.699714257465720948e+02,7.117608483549817252e-04
2.701838346925857195e+02,3.878696757889378045e-03
2.703962582184157100e+02,3.062970841797184839e-03
2.706086963212423484e+02,-7.973320964156014462e-03
2.708211489982456897e+02,8.797044193151129163e-03
2.710336162466060159e+02,-5.358199644919015882e-04
2.712460980635032683e+02,-7.325538619023978272e-03
2.714585944461178428e+02,-2.215255674093475225e-03
2.716711053916297374e+02,4.814382367524540178e-03
2.718836308972191773e+02,-3.822715567569267160e-03
2.720961709600662743e+02,-9.700740551174775322e-03
2.723087255773511970e+02,-2.263239551510662882e-03
2.725212947462541706e+02,1.817789222821134670e-02
2.727338784639551932e+02,-2.215255674093475225e-03
2.729464767276346038e+02,6.829705219046428716e-03
2.731590895344724572e+02,-1.111626493498155425e-03
2.733717168816489220e+02,-2.959005774059624352e-04
2.735843587663441667e+02,-8.956990451208102092e-04
2.737970151857383030e+02,3.230914412757342289e-03
2.740096861370115562e+02,-2.023320164424724163e-03
2.742223716173440380e+02,5.006317877193291674e-03
2.744350716239159169e+02,5.558132467490951682e-03
2.746477861539073047e+02,8.557124806065452387e-04
2.748605152044984834e+02,4.886358183650321881e-03
2.750732587728695080e+02,1.527486764447174607e-03
2.752860168562004901e+02,5.270229202987824872e-03
2.754987894516716551e+02,-2.263239551510662882e-03
2.757115765564632284e+02,3.854704819180784000e-03
2.759243781677552079e+02,-3.558804241774734395e-03
2.761371942827278758e+02,1.359543193487017373e-03
2.763500248985613439e+02,1.791398090241707805e-03
2.765628700124357238e+02,2.559140128916974647e-04
2.767757296215312977e+02,6.973656851297992121e-03
2.769886037230280635e+02,3.398857983717499739e-03
2.772014923141063036e+02,2.223252986996398020e-03
2.774143953919460728e+02,4.718414612690426807e-04
2.776273129537275963e+02,-4.254570464323957808e-03
2.778402449966309860e+02,2.990995025671403136e-03
2.780531915178364670e+02,-5.838038419090893537e-04
2.782661525145241512e+02,4.262567777226880170e-03
2.784791279838741502e+02,-6.293885254554439958e-03
2.786921179230666894e+02,-7.997312902861727349e-05
2.789051223292819373e+02,-3.702755874026297800e-03
2.791181411996999486e+02,7.357527870635756622e-04
2.793311745315009489e+02,-3.918683322403380747e-04
2.795442223218651066e+02,-3.870699444986454817e-03
2.797572845679725901e+02,5.246237264279230393e-03
2.799703612670034545e+02,3.782729003055002297e-03
2.801834524161379818e+02,-2.215255674093475225e-03
2.803965580125562838e+02,5.006317877193291674e-03
2.806096780534384152e+02,4.934342061067509971e-03
2.808228125359646583e+02,-6.557796580348973156e-03
2.810359614573151816e+02,-1.591465267670033514e-03
2.812491248146700400e+02,2.511156251499524830e-03
2.814623026052094588e+02,7.309543993218307022e-03
2.816754948261135496e+02,4.046640328849535062e-03
2.818887014745625379e+02,-4.638441483661198315e-04
2.821019225477365353e+02,-7.037635354520589302e-04
2.823151580428156535e+02,7.597447257721695992e-04
2.825284079569801179e+02,-9.916667999551858487e-04
2.827416722874100969e+02,-7.781385454487262099e-03
2.829549510312856455e+02,1.767406151533113760e-03
2.831682441857869890e+02,4.406519409478443575e-03
2.833815517480943527e+02,3.302890228883123992e-03
2.835948737153877346e+02,1.448313366708788540e-02
2.838082100848474170e+02,1.671438396698738229e-03
2.840215608536534546e+02,-7.997312902864345697e-04
2.842349260189861297e+02,3.086962780505778884e-03
2.844483055780254972e+02,4.958333999776103583e-03
2.846616995279517823e+02,6.709745525503458922e-03
2.848751078659450400e+02,5.030309815901885286e-03
2.850885305891855523e+02,1.098031061563317472e-02
2.853019676948533743e+02,4.670430735272976773e-03
2.855154191801286743e+02,-1.567473328961439686e-03
2.857288850421916777e+02,2.463172374082337173e-03
2.859423652782224963e+02,1.669039202827852716e-02
2.861558598854012985e+02,-7.469490251275541677e-03
2.863693688609081960e+02,-3.078965467602856089e-03
2.865828922019234142e+02,3.854704819180784000e-03
2.867964299056270647e+02,-4.470497912701302916e-03
2.870099819691992593e+02,-5.766062602965373561e-03
2.872235483898202801e+02,-2.647110570848165440e-03
2.874371291646701820e+02,-4.926344748164586743e-03
2.876507242909291335e+02,1.407527070904205247e-03
2.878643337657773031e+02,1.167607683818266094e-03
2.880779575863948594e+02,-2.647110570848165440e-03
2.882915957499619140e+02,-6.653764335183348470e-03
2.885052482536586922e+02,-1.471505574127063938e-03
2.887189150946653058e+02,7.621439196430027443e-03
2.889325962701619233e+02,-6.029973928759906759e-03
2.891462917773287131e+02,7.213576238383931707e-03
2.893600016133457871e+02,-3.318884854688795242e-03
2.895737257753933136e+02,2.415188496665149516e-03
2.897874642606515181e+02,-1.399529758001282235e-03
2.900012170663004554e+02,1.385934326066444455e-02
2.902149841895203508e+02,9.228899089905819378e-03
2.904287656274913161e+02,5.726076038451108699e-03
2.906425613773935765e+02,-2.767070264391135234e-03
2.908563714364071870e+02,-4.158602709489320117e-04
2.910701958017123729e+02,7.501479502887058518e-03
2.912840344704893027e+02,3.158938596631560587e-03
2.914978874399180881e+02,3.518817677260469099e-03
2.917117547071788977e+02,7.669423073847215534e-03
2.919256362694518430e+02,-1.351545880584094578e-03
2.921395321239172063e+02,1.215591561235453968e-03
2.923534422677549856e+02,8.485148989939407874e-03
2.925673666981454630e+02,6.517810015834708294e-03
2.927813054122687504e+02,-5.142272196541931850e-03
2.929952584073049593e+02,-1.279570064458312659e-03
2.932092256804343151e+02,2.775067577294058029e-03
2.934232072288369864e+02,1.215591561235453968e-03
2.936372030496930279e+02,-3.390860670814576944e-03
2.938512131401826650e+02,-8.237232289950546793e-03
2.940652374974860663e+02,-6.029973928759906759e-03
2.942792761187833435e+02,-9.004974328625551042e-03
2.944933290012546649e+02,-3.390860670814576944e-03
2.947073961420802561e+02,3.274099902432785203e-02
2.949214775384401719e+02,4.238575838518286558e-03
2.951355731875145807e+02,3.086962780505778884e-03
2.953496830864837079e+02,2.079301354745096450e-04
2.955638072325276653e+02,-7.853361270613043801e-03
2.957779456228266213e+02,1.479502887029986950e-03
2.959920982545606876e+02,4.094624206266723153e-03
2.962062651249100895e+02,3.638777370803438892e-03
2.964204462310549388e+02,7.717406951264403625e-03
2.966346415701754040e+02,4.910350122358916360e-03
2.968488511394515967e+02,1.767406151533113760e-03
2.970630749360637992e+02,5.750067977159703178e-03
2.972773129571920094e+02,-3.654771996609109709e-03
2.974915652000164528e+02,6.877689096463878967e-04
2.977058316617173546e+02,2.679099822459682281e-03
2.979201123394747697e+02,-5.910014235216936966e-03
2.981344072304688666e+02,-5.190256073959119941e-03
2.983487163318798707e+02,-2.431183122470820333e-03
2.985630396408878369e+02,9.516802354408946188e-03
2.987773771546729904e+02,-1.999328225715868229e-04
2.989917288704154998e+02,-1.037251483501540512e-02
2.992060947852954769e+02,2.847043393419839731e-03
2.994204748964931468e+02,9.108939396362850452e-03
2.996348692011885646e+02,2.127285232162022272e-03
2.998492776965618987e+02,-2.071304041841911820e-03
3.000637003797934312e+02,-2.935013835351292684e-03
3.002781372480631603e+02,3.086962780505778884e-03
3.004925882985513113e+02,2.535148190208118876e-03
3.007070535284380526e+02,-2.959005774059624352e-04
3.009215329349035528e+02,-5.214248012667713553e-03
3.011360265151279236e+02,-3.942675261112236519e-03
3.013505342662913336e+02,1.241982693814881050e-02
3.015650561855738943e+02,-1.015658738663779677e-03
3.017795922701558879e+02,2.199261048287803975e-03
3.019941425172173695e+02,-8.717071064122424232e-03
3.022087069239385073e+02,8.557124806065452387e-04
3.024232854874994700e+02,-1.519489451544251812e-03
3.026378782050804261e+02,-3.678763935317441920e-04
3.028524850738615442e+02,1.172406071559958622e-02
3.030671060910228789e+02,-4.350538219158333123e-03
3.032817412537447126e+02,-6.653764335183348470e-03
3.034963905592071569e+02,1.599462580572956526e-03
3.037110540045903235e+02,-4.686425361078648023e-03
3.039257315870744378e+02,5.102285632027666988e-03
3.041404233038396114e+02,-1.879368532173160541e-03
3.043551291520660129e+02,-1.310759584779510982e-02
3.045698491289338108e+02,2.607124006333900578e-03
3.047845832316231167e+02,2.391196557956555471e-03
3.049993314573141561e+02,2.007325538619052913e-03
3.052140938031869837e+02,-7.589449944818511470e-03
3.054288702664218818e+02,-5.934006173925531445e-03
3.056436608441989051e+02,5.390188896530793798e-03
3.058584655336982792e+02,-1.183602309623937128e-03
3.060732843321001155e+02,-5.886022296508343354e-03
3.062881172365845828e+02,-3.030981590185667998e-03
3.065029642443317925e+02,-4.302554341741145032e-03
3.067178253525220271e+02,-1.711424961213003091e-03
3.069327005583353412e+02,-3.990659138529424610e-03
3.071475898589518465e+02,1.335551254778423328e-03
3.073624932515518253e+02,-1.063642616080967551e-03
3.075774107333153324e+02,-5.190256073959119941e-03
3.077923423014225932e+02,-1.042049871243259235e-02
3.080072879530537193e+02,-7.997312902861727349e-05
3.082222476853888793e+02,4.478495225604225277e-03
3.084372214956082416e+02,-2.479166999888008423e-03
3.086522093808919180e+02,-2.815054141808322891e-03
3.088672113384201339e+02,-1.207594248332530956e-03
3.090822273653729440e+02,3.398857983717499739e-03
3.092972574589306305e+02,1.599462580573218252e-04
3.095123016162732483e+02,-7.949329025447419983e-03
3.097273598345810797e+02,-3.966667199820830998e-03
3.099424321110341225e+02,3.230914412757342289e-03
3.101575184428126022e+02,-7.181586986772414867e-03
3.103726188270966304e+02,-5.670094848130998247e-03
3.105877332610664894e+02,1.359543193487017373e-03
3.108028617419022339e+02,-6.077957806177094850e-03
3.110180042667840326e+02,6.637769709377939597e-04
3.112331608328920538e+02,-9.196909838294041462e-04
3.114483314374064093e+02,5.894019609411266583e-03
3.116635160775073246e+02,-2.431183122470820333e-03
3.118787147503749111e+02,-3.414852609523170556e-03
3.120939274531893943e+02,-6.797715967434649932e-04
3.123091541831308291e+02,9.156923273780037675e-03
3.125243949373793839e+02,-8.885014635082582116e-03
3.127396497131153410e+02,-5.142272196541931850e-03
3.129549185075186983e+02,-5.118280257833076512e-04
3.131702013177696813e+02,1.071639928983890346e-03
3.133854981410484015e+02,1.599462580573218252e-04
3.136008089745351413e+02,-4.518481790118491007e-03
3.138161338154098985e+02,8.317205418979513017e-04
3.140314726608529554e+02,1.239583499944047797e-03
3.142468255080443669e+02,-1.999328225716130118e-03
3.144621923541643582e+02,1.695430335407332057e-03
3.146775731963930980e+02,-5.262231890084901643e-03
3.148929680319106410e+02,1.695430335407332057e-03
3.151083768578972695e+02,1.191599622526859923e-03
3.153237996715330382e+02,2.439180435373743128e-03
3.155392364699981158e+02,-3.006989651477074386e-03
3.157546872504727276e+02,3.926680635306565269e-03
3.159701520101369852e+02,-5.046304441707556536e-03
3.161856307461710571e+02,3.326882167591718037e-03
3.164011234557550551e+02,-8.956990451208102092e-04
3.166166301360692046e+02,-5.526143215879434842e-03
3.168321507842936171e+02,-5.910014235216936966e-03
3.170476853976084612e+02,-2.359207306345038630e-03
3.172632339731938487e+02,-4.494489851409896528e-03
3.174787965082300047e+02,-3.102957406311449701e-03
3.176943729998970412e+02,-4.542473728827084618e-03
3.179099634453751264e+02,4.742406551398758476e-03
3.181255678418444859e+02,4.958333999776103583e-03
3.183411861864851176e+02,3.590793493386250802e-03
3.185568184764773605e+02,-1.495497512835657983e-03
3.187724647090011558e+02,-3.558804241774734395e-03
3.189881248812368995e+02,5.678092161034183202e-04
3.192037989903645894e+02,-2.815054141808322891e-03
3.194194870335644509e+02,5.702084099742515087e-03
3.196351890080165390e+02,-4.950336686873181222e-03
3.198509049109011357e+02,-4.038643015946612701e-03
3.200666347393982960e+02,-5.118280257833076512e-04
3.202823784906883020e+02,1.191599622526859923e-03
3.204981361619511517e+02,4.022648390140941450e-03
3.207139077503671274e+02,-9.196909838294041462e-04
3.209296932531163407e+02,-7.997312902861727349e-05
3.211454926673789032e+02,6.877689096463616807e-03
3.213613059903350404e+02,-4.974328625581774833e-03
3.215771332191649208e+02,-1.855376593464566496e-03
3.217929743510485991e+02,7.165592360966743617e-03
3.220088293831663009e+02,2.679099822459682281e-03
3.222246983126981945e+02,3.854704819180784000e-03
3.224405811368244485e+02,-3.318884854688795242e-03
3.226564778527250610e+02,3.062970841797184839e-03
3.228723884575804277e+02,-5.550135154588028454e-03
3.230883129485705467e+02,3.062970841797184839e-03
3.233042513228756434e+02,1.038051214791832662e-02
3.235202035776758294e+02,-4.182594648198176106e-03
3.237361697101512163e+02,-1.099630524143884597e-02
3.239521497174821434e+02,-5.910014235216936966e-03
3.241681435968485516e+02,1.071639928983890346e-03
3.243841513454307233e+02,1.431519009612799076e-03
3.246001729604087700e+02,-3.222917099854419494e-03
3.248162084389628603e+02,-8.093280657698983388e-03
3.250322577782731628e+02,-4.542473728827084618e-03
3.252483209755197890e+02,1.287567377361235671e-03
3.254643980278829076e+02,-7.517474128692728901e-03
3.256804889325427439e+02,7.885350522224561509e-03
3.258965936866794095e+02,8.797044193154009563e-05
3.261127122874730730e+02,-6.197917499720064644e-03
3.263288447321037893e+02,1.062043153500426620e-02
3.265449910177518404e+02,1.215591561235453968e-03
3.267611511415973382e+02,-3.990659138529424610e-03
3.269773251008203943e+02,1.695430335407332057e-03
3.271935128926012339e+02,1.215591561235453968e-03
3.274097145141199690e+02,-7.277554741606528672e-04
3.276259299625568246e+02,-3.078965467602856089e-03
3.278421592350919127e+02,3.470833799843281442e-03
3.280584023289053448e+02,-4.662433422370054412e-03
3.282746592411772895e+02,4.430511348187038054e-03
3.284909299690879152e+02,2.511156251499524830e-03
3.287072145098174474e+02,6.157930935206060857e-04
3.289235128605459977e+02,8.077286031893573647e-04
3.291398250184536209e+02,-2.599126693430977783e-03
3.293561509807205994e+02,-1.519489451544251812e-03
3.295724907445271015e+02,-3.582796180483328007e-03
3.297888443070531821e+02,3.614785432094844847e-03
3.300052116654791234e+02,-6.749732090017723785e-03
3.302215928169848667e+02,6.061963180371423600e-03
3.304379877587508076e+02,-9.196909838294041462e-04
3.306543964879570012e+02,1.791398090241707805e-03
3.308708190017835591e+02,1.138817357367927219e-02
3.310872552974107066e+02,-4.926344748164586743e-03
3.313037053720185554e+02,6.877689096463878967e-04
3.315201692227873309e+02,8.077286031893312138e-03
3.317366468468970879e+02,-3.438844548231502550e-04
3.319531382415279950e+02,-4.614449544952866321e-03
3.321696434038602774e+02,2.799059516002652074e-03
3.323861623310741606e+02,7.741398889972997237e-03
3.326026950203495858e+02,-4.782393115913023338e-03
3.328192414688668350e+02,8.797044193154009563e-05
3.330358016738060769e+02,3.326882167591718037e-03
3.332523756323474231e+02,8.101277970601906617e-03
3.334689633416710421e+02,-8.501143615745079124e-03
3.336855647989571025e+02,2.799059516002914017e-04
3.339021800013857728e+02,1.093232673821598749e-02
3.341188089461372215e+02,3.974664512723753360e-03
3.343354516303915034e+02,1.743414212824519931e-03
3.345521080513289007e+02,4.142608083683911244e-03
3.347687782061294683e+02,2.679099822459682281e-03
3.349854620919734316e+02,2.439180435373743128e-03
3.352021597060409022e+02,-3.318884854688795242e-03
3.354188710455121054e+02,-2.095295980550505865e-03
3.356355961075670962e+02,-3.654771996609109709e-03
3.358523348893860998e+02,7.741398889972997237e-03
3.360690873881492280e+02,-2.575134754722383738e-03
3.362858536010367061e+02,-3.030981590185667998e-03
3.365026335252286458e+02,-2.119287919259099477e-03
3.367194271579052156e+02,-1.735416899921597136e-03
3.369362344962464704e+02,2.127285232161996165e-02
3.371530555374327491e+02,-4.542473728827084618e-03
3.373698902786441067e+02,-3.438844548231764602e-03
3.375867387170606548e+02,1.287567377361235671e-03
3.378036008498626188e+02,1.047647990275296518e-03
3.380204766742301672e+02,1.695430335407332057e-03
3.382373661873433548e+02,1.191599622526859923e-03
3.384542693863825207e+02,-6.053965867468501239e-03
3.386711862685276628e+02,-4.494489851409896528e-03
3.388881168309588929e+02,1.340349642520115986e-02
3.391050610708565500e+02,-4.638441483661198315e-04
3.393220189854006890e+02,-5.598119032005216544e-03
3.395389905717714782e+02,1.465107723804804328e-02
3.397559758271490864e+02,-2.263239551510662882e-03
3.399729747487135683e+02,-6.941667599686475280e-03
3.401899873336452629e+02,-3.678763935317703754e-03
3.404070135791241682e+02,-1.111626493498155425e-03
3.406240534823305097e+02,7.357527870635756622e-04
3.408411070404443990e+02,-1.303562003166906704e-03
3.410581742506460614e+02,1.261176244781756113e-02
3.412752551101156087e+02,-6.869691783560693578e-03
3.414923496160332661e+02,-2.743078325682541188e-03
3.417094577655790317e+02,-2.982997712768480341e-03
3.419265795559331877e+02,1.839381967658895462e-03
3.421437149842759027e+02,3.158938596631560587e-03
3.423608640477872314e+02,5.414180835239388277e-03
3.425780267436474560e+02,-1.687433022504409262e-03
3.427952030690365746e+02,1.647446457990144183e-03
3.430123930211349261e+02,4.142608083683911244e-03
3.432295965971225087e+02,-1.951344348298942244e-03
3.434468137941795476e+02,-9.148925960877114447e-03
3.436640446094862682e+02,5.054301754610479765e-03
3.438812890402226685e+02,-3.270900977271607151e-03
3.440985470835690876e+02,2.079301354744834615e-03
3.443158187367055234e+02,-5.670094848130998247e-03
3.445331039968121445e+02,-6.629772396474754859e-03
3.447504028610692330e+02,-8.885014635082582116e-03
3.449677153266568439e+02,-5.358199644919277825e-03
3.451850413907551456e+02,3.638777370803438892e-03
3.454023810505442498e+02,-7.277554741606528672e-04
3.456197343032044387e+02,-3.438844548231502550e-04
3.458371011459157671e+02,2.055309416036240570e-03
3.460544815758584036e+02,-3.558804241774734395e-03
3.462718755902125736e+02,-1.022856320276384172e-02
3.464892831861583318e+02,2.535148190208118876e-03
3.467067043608759604e+02,1.479502887029986950e-03
3.469241391115454007e+02,-5.430175461045059528e-03
3.471415874353470485e+02,8.940995825402692568e-03
3.473590493294609587e+02,1.959341661201865255e-03
3.475765247910671860e+02,1.359543193487017373e-03
3.477940138173461264e+02,-5.790054541673968040e-03
3.480115164054776642e+02,-5.502151277170841230e-03
3.482290325526421384e+02,-6.221909438428658255e-03
3.484465622560196607e+02,2.559140128916974647e-04
3.486641055127903996e+02,-4.710417299787241635e-03
3.488816623201344100e+02,1.287567377361235671e-03
3.490992326752320309e+02,-4.110618832072394403e-03
3.493168165752632603e+02,-4.494489851409896528e-03
3.495344140174083236e+02,3.278898290174529946e-03
3.497520249988473324e+02,4.886358183650321881e-03
3.499696495167604553e+02,-5.022312502998962924e-03
3.501872875683279744e+02,3.302890228883123992e-03
3.504049391507298310e+02,9.060955518945663228e-03
3.506226042611463072e+02,4.334543593352661872e-03
3.508402828967575715e+02,-1.085235360918728256e-02
3.510579750547437357e+02,-3.222917099854419494e-03
3.512756807322849681e+02,8.461157051230815129e-03
3.514933999265613807e+02,1.589865805089492670e-02
3.517111326347531985e+02,-6.725740151309130173e-03
3.519288788540405903e+02,3.446841861134687397e-03
3.521466385816036109e+02,-1.447513635418470109e-03
3.523644118146224855e+02,-5.910014235216936966e-03
3.525821985502773828e+02,-1.495497512835657983e-03
3.527999987857484712e+02,-2.503158938596602035e-03
3.530178125182158055e+02,-4.254570464323957808e-03
3.532356397448596681e+02,7.237568177092525319e-03
3.534534804628600568e+02,6.589785831960489997e-03
3.536713346693973108e+02,-8.213240351241952314e-03
3.538892023616515417e+02,6.109947057788611691e-03
3.541070835368028042e+02,3.038978903088591227e-03
3.543249781920313808e+02,-7.997312902861727349e-05
3.545428863245172693e+02,-2.359207306345038630e-03
3.547608079314407519e+02,-5.694086786839591859e-03
3.549787430099819403e+02,-5.598119032004954167e-04
3.551966915573210599e+02,1.503494825738580778e-03
3.554146535706381655e+02,-6.533804641640378677e-03
3.556326290471134826e+02,-1.783400777338784793e-03
3.558506179839271226e+02,7.165592360966743617e-03
3.560686203782592543e+02,-4.902352809455993131e-03
3.562866362272900460e+02,6.517810015834708294e-03
3.565046655281996664e+02,2.775067577294058029e-03
3.567227082781682270e+02,4.262567777226880170e-03
3.569407644743758965e+02,8.197245725436281064e-03
3.571588341140028433e+02,1.551478703155768652e-03
3.573769171942292360e+02,3.494825738551875487e-03
3.575950137122352430e+02,3.422849922426093785e-03
3.578131236652009761e+02,-1.279570064458312659e-03
3.580312470503066038e+02,-4.830376993330211428e-03
3.582493838647322946e+02,1.623454519281524247e-02
3.584675341056582170e+02,-6.917675660977881669e-03
3.586856977702644826e+02,-4.278562403032551420e-03
3.589038748557312601e+02,-1.159610370915343299e-03
3.591220653592387180e+02,-3.126949345020043746e-03
3.593402692779670815e+02,9.228899089905819378e-03
3.595584866090963487e+02,-3.054973528894262044e-03
3.597767173498068018e+02,2.559140128916974647e-04
3.599949614972786094e+02,-3.078965467602856089e-03
3.602132190486917693e+02,8.797044193154009563e-05
3.604314900012266207e+02,-3.462836486940358647e-03
3.606497743520632184e+02,-5.981990051342718669e-03
3.608680720983817309e+02,-8.717071064122162722e-04
3.610863832373623836e+02,-1.255578125749718830e-03
3.613047077661852313e+02,-5.957998112634125057e-03
3.615230456820304994e+02,-7.013643415812256983e-03
3.617413969820782995e+02,-5.358199644919277825e-03
3.619597616635088002e+02,1.371539162841288115e-02
3.621781397235021700e+02,-1.783400777338784793e-03
3.623965311592385774e+02,-5.981990051342718669e-03
3.626149359678981909e+02,5.126277570736261467e-03
3.628333541466610086e+02,-1.495497512835657983e-03
3.630517856927074263e+02,1.047647990275296518e-03
3.632702306032174420e+02,-4.758401177204429726e-03
3.634886888753712810e+02,6.373858383583144889e-03
3.637071605063490551e+02,-5.742070664256779949e-03
3.639256454933309897e+02,-4.182594648198176106e-03
3.641441438334971963e+02,-6.293885254554439958e-03
3.643626555240277867e+02,2.703091761168276326e-03
3.645811805621029293e+02,-2.359207306345038630e-03
3.647997189449027928e+02,4.526479103021413368e-03
3.650182706696076593e+02,6.301882567457363186e-03
3.652368357333974700e+02,-2.647110570848165440e-03
3.654554141334525070e+02,8.437165112522220650e-03
3.656740058669529390e+02,3.326882167591718037e-03
3.658926109310788206e+02,3.134946657922966541e-03
3.661112293230104342e+02,6.901681035172210418e-03
3.663298610399278346e+02,2.439180435373743128e-03
3.665485060790111902e+02,-5.382191583627871437e-03
3.667671644374407833e+02,-4.734409238495836114e-03
3.669858361123966120e+02,8.533132867356596832e-03
3.672045211010588446e+02,9.420834599574571741e-03
3.674232194006077634e+02,5.390188896530793798e-03
3.676419310082234233e+02,5.726076038451108699e-03
3.678606559210859928e+02,9.348858783448790039e-03
3.680793941363756403e+02,-3.174933222437231837e-03
3.682981456512725345e+02,-9.196909838294041462e-04
3.685169104629567300e+02,-4.398522096575521213e-03
3.687356885686085661e+02,4.670430735272976773e-03
3.689544799654080407e+02,-1.111626493498155425e-03
3.691732846505353791e+02,5.678092161033921476e-03
3.693921026211708067e+02,-1.783400777338784793e-03
3.696109338744943216e+02,4.670430735272976773e-03
3.698297784076861490e+02,3.614785432094844847e-03
3.700486362179264574e+02,-2.623118632139571828e-03
3.702675073023954155e+02,4.022648390140941450e-03
3.704863916582731918e+02,1.479502887029986950e-03
3.707052892827398978e+02,-1.351545880584094578e-03
3.709242001729757021e+02,-1.999328225716130118e-03
3.711431243261607733e+02,-2.551142816013790126e-03
3.713620617394752230e+02,-5.670094848130998247e-03
3.715810124100992198e+02,-1.447513635418470109e-03
3.717999763352129889e+02,6.061963180371423600e-03
3.720189535119966422e+02,-2.743078325682541188e-03
3.722379439376303480e+02,-2.599126693430977783e-03
3.724569476092941613e+02,7.357527870635756622e-04
3.726759645241684211e+02,3.374866045008905694e-03
3.728949946794331254e+02,5.342205019113606575e-03
3.731140380722684995e+02,2.487164312790931218e-03
3.733330946998547688e+02,2.199261048287803975e-03
3.735521645593719313e+02,3.038978903088852845e-04
3.737712476480002124e+02,8.797044193151391757e-04
3.739903439629198374e+02,4.238575838518548610e-04
3.742094535013108043e+02,2.127285232162022272e-03
3.744285762603534522e+02,2.031317477327646958e-03
3.746477122372278359e+02,1.863373906367489508e-03
3.748668614291141239e+02,6.085955119080017212e-03
3.750860238331924847e+02,9.156923273780037675e-03
3.753051994466430870e+02,-1.711424961213003091e-03
3.755243882666459854e+02,-3.678763935317441920e-04
3.757435902903814622e+02,8.964987764111287047e-03
3.759628055150296291e+02,7.021640728715180212e-03
3.761820339377706546e+02,-1.375537819292688407e-03
3.764012755557846504e+02,-2.119287919259099477e-03
3.766205303662518418e+02,-3.030981590185667998e-03
3.768397983663522837e+02,7.045632667423773823e-03
3.770590795532662014e+02,1.503494825738580778e-03
3.772783739241738203e+02,-1.663441083795815217e-03
3.774976814762551385e+02,-1.111626493498155425e-03
3.777170022066904949e+02,-7.181586986772414867e-03
3.779363361126598306e+02,-4.182594648198176106e-03
3.781556831913434280e+02,-3.198925161142945374e-05
3.783750434399214555e+02,9.612770109243322370e-03
3.785944168555740816e+02,-7.997312902864345697e-04
3.788138034354813612e+02,6.637769709377677220e-03
3.790332031768235765e+02,5.030309815901885286e-03
3.792526160767807824e+02,-6.413844948097409751e-03
3.794720421325331472e+02,-3.534812303066140349e-03
3.796914813412608964e+02,-5.358199644919277825e-03
3.799109337001440849e+02,5.486156651365169980e-03
3.801303992063629380e+02,2.127285232162022272e-03
3.803498778570976242e+02,-5.742070664256779949e-03
3.805693696495282552e+02,1.839381967658895462e-03
3.807888745808349995e+02,1.491498856384257561e-02
3.810083926481980825e+02,3.998656451432347839e-03
3.812279238487975590e+02,3.494825738551875487e-03
3.814474681798135407e+02,-3.558804241774734395e-03
3.816670256384263666e+02,2.655107883751088669e-03
3.818865962218160348e+02,-9.748724428591962546e-03
3.821061799271627706e+02,-3.582796180483328007e-03
3.823257767516467425e+02,-2.623118632139571828e-03
3.825453866924480621e+02,8.557124806065189576e-03
3.827650097467468981e+02,3.446841861134687397e-03
3.829846459117234190e+02,-3.870699444986454817e-03
3.832042951845577363e+02,-4.902352809455993131e-03
3.834239575624301324e+02,-1.519489451544251812e-03
3.836436330425206052e+02,1.503494825738580778e-03
3.838633216220093800e+02,3.230914412757342289e-03
3.840830232980766823e+02,3.758737064346408252e-03
3.843027380679025100e+02,-4.374530157866926734e-03
3.845224659286671454e+02,-4.350538219158333123e-03
3.847422068775507569e+02,3.974664512723753360e-03
3.849619609117333425e+02,-2.335215367636444585e-03
3.851817280283952414e+02,2.895027270837027388e-03
3.854015082247165083e+02,1.114825418659333260e-02
3.856213014978773117e+02,6.157930935206060857e-04
3.858411078450578771e+02,8.557124806065452387e-04
3.860609272634382023e+02,-1.735416899921597136e-03
3.862807597501986265e+02,3.494825738551875487e-03
3.865006053025192045e+02,-3.822715567569267160e-03
3.867204639175801049e+02,-2.167271796676287568e-03
3.869403355925614960e+02,3.686761248220626550e-03
3.871602203246435465e+02,-3.534812303066140349e-03
3.873801181110063681e+02,4.046640328849535062e-03
3.876000289488301860e+02,1.189200428655974411e-02
3.878199528352950551e+02,-5.382191583627871437e-03
3.880398897675812577e+02,7.261560115801118931e-03
3.882598397428687917e+02,1.306760928328084582e-02
3.884798027583379394e+02,9.708737864077698551e-03
3.886997788111688124e+02,1.093232673821598749e-02
3.889197678985416360e+02,5.246237264279230393e-03
3.891397700176364651e+02,2.007325538619052913e-03
3.893597851656334683e+02,-2.839046080516916936e-03
3.895798133397128140e+02,-2.287231490219256928e-03
3.897998545370547276e+02,6.157930935205798914e-03
3.900199087548393209e+02,7.453495625469870427e-03
3.902399759902466485e+02,-3.174933222437231837e-03
3.904600562404569928e+02,4.574462980438601459e-03
3.906801495026505791e+02,8.485148989939407874e-03
3.909002557740072916e+02,8.317205418979513017e-04
3.911203750517075832e+02,9.060955518945663228e-03
3.913405073329313950e+02,7.429503686761276815e-03
3.915606526148590092e+02,3.302890228883123992e-03
3.917808108946705374e+02,2.990995025671403136e-03
3.920009821695460914e+02,4.214583899809692946e-03
3.922211664366659534e+02,9.372850722157382783e-03
3.924413636932101213e+02,-6.797715967434649932e-04
3.926615739363588773e+02,9.420834599574571741e-03
3.928817971632922763e+02,1.023656051566702689e-03
3.931020333711906005e+02,7.837366644807635362e-04
3.933222825572339048e+02,-1.831384654755972667e-03
3.935425447186023575e+02,5.078293693319073376e-03
3.937628198524761274e+02,7.069624606132368302e-03
3.939831079560353828e+02,1.364341581228709945e-02
3.942034090264602355e+02,1.208393979622849473e-02
3.944237230609309108e+02,3.998656451432347839e-03
3.946440500566275205e+02,4.310551654644068260e-03
3.948643900107302898e+02,1.556277090897461267e-02
3.950847429204192167e+02,1.333152060907537816e-02
3.953051087828746404e+02,8.389181235105033427e-03
3.955254875952765587e+02,1.018857663824957599e-02
3.957458793548051972e+02,8.269221541562062766e-03
3.959662840586407810e+02,1.028454439308395217e-02
3.961867017039633083e+02,-7.997312902835542172e-06
3.964071322879531181e+02,1.086035092209020579e-02
3.966275758077902083e+02,7.597447257721695992e-04
3.968480322606548043e+02,4.718414612690426807e-04
3.970685016437271315e+02,1.047647990275296518e-03
3.972889839541871879e+02,-7.997312902861727349e-05
3.975094791892153125e+02,6.997648790006585733e-03
3.977299873459915034e+02,-2.623118632139571828e-03
3.979505084216959858e+02,-8.956990451208102092e-04
3.981710424135088715e+02,2.535148190208118876e-03
3.983915893186103858e+02,-4.278562403032551420e-03
3.986121491341806404e+02,-3.678763935317703754e-03
3.988327218573997470e+02,-2.599126693430977783e-03
3.990533074854480446e+02,-6.317877193262772277e-04
3.992739060155054176e+02,-5.310215767502089734e-03
3.994945174447522049e+02,2.655107883751088669e-03
3.997151417703686320e+02,-4.158602709489581627e-03
3.999357789895345832e+02,-1.231586187041125002e-03
4.001564290994305111e+02,-1.663441083795815217e-03
4.003770920972363569e+02,3.758737064346408252e-03
4.005977679801324030e+02,1.477103693159101221e-02
4.008184567452987039e+02,6.973656851297992121e-03
4.010391583899155421e+02,1.959341661201838974e-02
4.012598729111629154e+02,2.969402280833642604e-02
4.014806003062211062e+02,4.039442747236930698e-02
4.017013405722702259e+02,4.855168663329123557e-02
4.019220937064905002e+02,5.270229202987798678e-02
4.021428597060619268e+02,4.811983173653654883e-02
4.023636385681647880e+02,3.641176564674272059e-02
4.025844302899791955e+02,3.127749076310362003e-02
4.028052348686853747e+02,2.931015178899892132e-02
4.030260523014633236e+02,2.074502967003089698e-02
4.032468825854933812e+02,-1.087634554789561380e-03
4.034677257179555454e+02,-1.519489451543990031e-04
4.036885816960301554e+02,1.551478703155768652e-03
4.039094505168971523e+02,7.669423073847215534e-03
4.041303321777368183e+02,-6.797715967434911875e-03
4.043512266757293219e+02,-7.037635354520851462e-03
4.045721340080547748e+02,6.157930935205798914e-03
4.047930541718933455e+02,6.397850322294618575e-05
4.050139871644252025e+02,9.732729802786291295e-03
4.052349329828304576e+02,3.638777370803438892e-03
4.054558916242892792e+02,2.319220741830773768e-03
4.056768630859818927e+02,8.173253786727688319e-03
4.058978473650884098e+02,6.541801954543301906e-03
4.061188444587888853e+02,3.350874106300311649e-03
4.063398543642636014e+02,9.180915212488632154e-03
4.065608770786927835e+02,2.110490875065980376e-02
4.067819125992564295e+02,4.372930695286385977e-02
4.070029609231346512e+02,7.381519809344062877e-02
4.072240220475077876e+02,1.260456486620495642e-01
4.074450959695559504e+02,1.558676284768318043e-01
4.076661826864591944e+02,1.790918251467507050e-01
4.078872821953978018e+02,2.018121911037891458e-01
4.081083944935518275e+02,2.283952591929111764e-01
4.083295195781014399e+02,2.323539290798291856e-01
4.085506574462268645e+02,2.571136098270980774e-01
4.087718080951082129e+02,2.618640136913996663e-01
4.089929715219255968e+02,2.568496985013035694e-01
4.092141477238592415e+02,2.636874010332528329e-01
4.094353366980892588e+02,2.621279250171942299e-01
4.096565384417958740e+02,2.612642152236848703e-01
4.098777529521590850e+02,2.497240927048511860e-01
4.100989802263592310e+02,2.627757073623262496e-01
4.103202202615764236e+02,2.482845763823355312e-01
4.105414730549907176e+02,2.708130068297052162e-01
4.107627386037823953e+02,2.443019145567089379e-01
4.109840169051315115e+02,2.476367940372035115e-01
4.112053079562182916e+02,2.401033252827050046e-01
4.114266117542228471e+02,2.580732873754418288e-01
4.116479282963254036e+02,2.530109883079285638e-01
4.118692575797059590e+02,2.474208665888261438e-01
4.120905996015449091e+02,2.530349802466371201e-01
4.123119543590221951e+02,2.592249004334543638e-01
4.125333218493180993e+02,2.572815533980582492e-01
4.127547020696126765e+02,2.591769165560371957e-01
4.129760950170862088e+02,2.522192543305449286e-01
4.131975006889186943e+02,2.579053438044817126e-01
4.134189190822904152e+02,2.681978855104684700e-01
4.136403501943815399e+02,2.662305465363637991e-01
4.138617940223721234e+02,2.665664336782840871e-01
4.140832505634424479e+02,2.751555477359607371e-01
4.143047198147725112e+02,2.768829673229794563e-01
4.145262017735425388e+02,2.794021208873818662e-01
4.147476964369327561e+02,2.819932502679100006e-01
4.149692038021232747e+02,2.846803474032725267e-01
4.151907238662942063e+02,2.984757121607140018e-01
4.154122566266257195e+02,2.897666384094944036e-01
4.156338020802979827e+02,2.941571631931670927e-01
4.158553602244911644e+02,3.020984949057116675e-01
4.160769310563854901e+02,2.956686553318085275e-01
4.162985145731610146e+02,2.917819612610162983e-01
4.165201107719978495e+02,2.941571631931670927e-01
4.167417196500763339e+02,3.022664384766718393e-01
4.169633412045764089e+02,2.910382111610498868e-01
4.171849754326783568e+02,2.968922442059467870e-01
4.174066223315622892e+02,2.832888149581740400e-01
4.176282818984084315e+02,2.934134130932006812e-01
4.178499541303968954e+02,2.836966779162201635e-01
4.180716390247077925e+02,2.771948625261911880e-01
4.182933365785213482e+02,2.849442587290670348e-01
4.185150467890176742e+02,2.874154284160522210e-01
4.187367696533769390e+02,2.806497017002287375e-01
4.189585051687793111e+02,2.630636106268293695e-01
4.191802533324049591e+02,2.678140144911309584e-01
4.194020141414339378e+02,2.451656243502183252e-01
4.196237875930465862e+02,2.543545368756097713e-01
4.198455736844229023e+02,2.502519153564402576e-01
4.200673724127431115e+02,2.355208649893635875e-01
4.202891837751873254e+02,2.468930439372371000e-01
4.205110077689357126e+02,2.324259048959549656e-01
4.207328443911684417e+02,2.243886054285759990e-01
4.209546936390656811e+02,2.129684426032852906e-01
4.211765555098075993e+02,2.139761040290462379e-01
4.213984300005743080e+02,2.147918299451384294e-01
4.216203171085460326e+02,2.033716671198477488e-01
4.218422168309028848e+02,2.003246909038563228e-01
4.220641291648249762e+02,1.889285200172741985e-01
4.222860541074924754e+02,1.931031173525695477e-01
4.225079916560856077e+02,1.880408182850562271e-01
4.227299418077844848e+02,1.719902112890069057e-01
4.229519045597692184e+02,1.858815438012827725e-01
4.231738799092200907e+02,1.709585579245373743e-01
4.233958678533170996e+02,1.821148094240335469e-01
4.236178683892405274e+02,1.652244845731834222e-01
4.238398815141704858e+02,1.709105740471201784e-01
4.240619072252870865e+02,1.852337614561507528e-01
4.242839455197705547e+02,1.757809376049647432e-01
4.245059963948010591e+02,1.769805345403944463e-01
4.247280598475586544e+02,1.803873898370147721e-01
4.249501358752235660e+02,1.797635994305913365e-01
4.251722244749759057e+02,1.860974712496601124e-01
4.253943256439959555e+02,1.872970681850898156e-01
4.256164393794637135e+02,1.874890036947585714e-01
4.258385656785594620e+02,1.892644071591945143e-01
4.260607045384632556e+02,1.946865853073367347e-01
4.262828559563552631e+02,1.915676332752195288e-01
4.265050199294157096e+02,2.120567489323587351e-01
4.267271964548247070e+02,1.935589641880328393e-01
4.269493855297623668e+02,2.116968698517298353e-01
4.271715871514089713e+02,2.157754994321907926e-01
4.273938013169445753e+02,2.089857807776587251e-01
4.276160280235493474e+02,2.153676364741446969e-01
4.278382672684034560e+02,2.251323555285424105e-01
4.280605190486870129e+02,2.304345739831416551e-01
4.282827833615803002e+02,2.234289278802322476e-01
4.285050602042633159e+02,2.390236880408182774e-01
4.287273495739162854e+02,2.417827609923065835e-01
4.289496514677193773e+02,2.530589721853457319e-01
4.291719658828527599e+02,2.611202635914332548e-01
4.293942928164966020e+02,2.611202635914332548e-01
4.296166322658309582e+02,2.621999008333200099e-01
4.298389842280361108e+02,2.823051454711216768e-01
4.300613487002921147e+02,2.751795396746692934e-01
4.302837256797791952e+02,2.807456694550630738e-01
4.305061151636774639e+02,2.758273220198013687e-01
4.307285171491671463e+02,2.871755090289662693e-01
4.309509316334282971e+02,2.846563554645639149e-01
4.311733586136410850e+02,2.980438572639593220e-01
4.313957980869857920e+02,2.951168407415108441e-01
4.316182500506424162e+02,3.050015194894515336e-01
4.318407145017912399e+02,3.217958765854672665e-01
4.320631914376122609e+02,3.036339789830617142e-01
4.322856808552858183e+02,3.190847875113961840e-01
4.325081827519919671e+02,3.126789398762016003e-01
4.327306971249108756e+02,3.281537403432446820e-01
4.329532239712226556e+02,3.326882167591689310e-01
4.331757632881076461e+02,3.368628140944642801e-01
4.333983150727457314e+02,3.368388221557556683e-01
4.336208793223172506e+02,3.425728955071096204e-01
4.338434560340023154e+02,3.386622094976087793e-01
4.340660452049810942e+02,3.520497112970041864e-01
4.342886468324337557e+02,3.506821707906143670e-01
4.345112609135403545e+02,3.502982997712768554e-01
4.347338874454811730e+02,3.686281409446425794e-01
4.349565264254363228e+02,3.572079781193518988e-01
4.351791778505859156e+02,3.486668479390924724e-01
4.354018417181101768e+02,3.621023336159050476e-01
4.356245180251892180e+02,3.604468898450120529e-01
4.358472067690032645e+02,3.610466883127269044e-01
4.360699079467323145e+02,3.702595927768269624e-01
4.362926215555567069e+02,3.733545528702356120e-01
4.365153475926564397e+02,3.657011244221941570e-01
4.367380860552117383e+02,3.632779386126261389e-01
4.369608369404028281e+02,3.714351977735480537e-01
4.371836002454098207e+02,3.620303577997792677e-01
4.374063759674128278e+02,3.638777370803409905e-01
4.376291641035919611e+02,3.844148366148973928e-01
4.378519646511275596e+02,3.772652388797363976e-01
4.380747776071996213e+02,3.726108027702692005e-01
4.382976029689883148e+02,3.889253210921130299e-01
4.385204407336738086e+02,3.860942723244989438e-01
4.387432908984363280e+02,3.747460853153340432e-01
4.389661534604559847e+02,3.787287471409606088e-01
4.391890284169129473e+02,3.838150381471825412e-01
4.394119157649872704e+02,3.855184657954927041e-01
4.396348155018592365e+02,3.728267302186465404e-01
4.398577276247090140e+02,3.844868124310231727e-01
4.400806521307166008e+02,3.849906431439036325e-01
4.403035890170623361e+02,3.842708849826458328e-01
4.405265382809262178e+02,3.877737080341005504e-01
4.407494999194885281e+02,3.822315701924153264e-01
4.409724739299293788e+02,3.835511268213879776e-01
4.411954603094288814e+02,3.917323779210185042e-01
4.414184590551673182e+02,3.907247164952575846e-01
4.416414701643246872e+02,3.882055629308552303e-01
4.418644936340812137e+02,3.880856032373122266e-01
4.420875294616170095e+02,3.989539514723052793e-01
4.423105776441123567e+02,3.901009260888341212e-01
4.425336381787473101e+02,3.938676604660834024e-01
4.427567110627020384e+02,3.994097983077685710e-01
4.429797962931567099e+02,3.917563698597271160e-01
4.432028938672914364e+02,3.906527406791318047e-01
4.434260037822864433e+02,3.911565713920122644e-01
4.436491260353218991e+02,3.778170534700340810e-01
4.438722606235778585e+02,3.810559651956942351e-01
4.440954075442346038e+02,3.905807648630060247e-01
4.443185667944721331e+02,3.963628220917771450e-01
4.445417383714707285e+02,3.889013291534044181e-01
4.447649222724105584e+02,3.958110075014795171e-01
4.449881184944716779e+02,3.962908462756513650e-01
4.452113270348343121e+02,3.800483037699333155e-01
4.454345478906785729e+02,3.869339901792997471e-01
4.456577810591846855e+02,3.858303609987044358e-01
4.458810265375327617e+02,3.800003198925160919e-01
4.461042843229029131e+02,3.880136274211864467e-01
4.463275544124753651e+02,3.862862078341677274e-01
4.465508368034302293e+02,4.002495161625693743e-01
4.467741314929476744e+02,3.864781433438364555e-01
4.469974384782079255e+02,3.822555621311239382e-01
4.472207577563910377e+02,3.827114089665872299e-01
4.474440893246772362e+02,3.847027398794005126e-01
4.476674331802466327e+02,3.839829817181427130e-01
4.478907893202793957e+02,3.771452791861934495e-01
4.481141577419556938e+02,3.881095951760208385e-01
4.483375384424556387e+02,3.790886262215895086e-01
4.485609314189594556e+02,3.788966907119207805e-01
4.487843366686472564e+02,3.732345931766926084e-01
4.490077541886992094e+02,3.727547544025207604e-01
4.492311839762954264e+02,3.847267318181091245e-01
4.494546260286161328e+02,3.707634234897074221e-01
4.496780803428414970e+02,3.859743126309559957e-01
4.499015469161515739e+02,3.627741078997456792e-01
4.501250257457265889e+02,3.852065705922809724e-01
4.503485168287467104e+02,3.631579789190831908e-01
4.505720201623921071e+02,3.740263271540762435e-01
4.507955357438428337e+02,3.674285440092128763e-01
4.510190635702791155e+02,3.698757217574894507e-01
4.512426036388811212e+02,3.695158426768605509e-01
4.514661559468290193e+02,3.579757201580268666e-01
4.516897204913028645e+02,3.678603989059676116e-01
4.519132972694829959e+02,3.767374162281473260e-01
4.521368862785493548e+02,3.513059611970377749e-01
4.523604875156822231e+02,3.752259240895058912e-01
4.525841009780618265e+02,3.650293501383535255e-01
4.528077266628681059e+02,3.561043489387565875e-01
4.530313645672814005e+02,3.535372114969370094e-01
4.532550146884818218e+02,3.531533404775994978e-01
4.534786770236494817e+02,3.594632203579596896e-01
4.537023515699645486e+02,3.585515266870331619e-01
4.539260383246071910e+02,3.625581804513683393e-01
4.541497372847576344e+02,3.594872122966683015e-01
4.543734484475959334e+02,3.697317701252378908e-01
4.545971718103023136e+02,3.546168487388237645e-01
4.548209073700568297e+02,3.497224932422706156e-01
4.550446551240397639e+02,3.575438652612721868e-01
4.552684150694311711e+02,3.600630188256745412e-01
4.554921872034112198e+02,3.550966875129956124e-01
4.557159715231601922e+02,3.479470897778346172e-01
4.559397680258580863e+02,3.458357991714783863e-01
4.561635767086850706e+02,3.542569696581948646e-01
4.563873975688214273e+02,3.573999136290206269e-01
4.566112306034472113e+02,3.461237024359815062e-01
4.568350758097425910e+02,3.575678571999807986e-01
4.570589331848877919e+02,3.627261240223285110e-01
4.572828027260628119e+02,3.517618080325010665e-01
4.575066844304479901e+02,3.536571711904800130e-01
4.577305782952233812e+02,3.544728971065722045e-01
4.579544843175690971e+02,3.600870107643831530e-01
4.581784024946654199e+02,3.566081796516370472e-01
4.584023328236924044e+02,3.461476943746901180e-01
4.586262753018302760e+02,3.620063658610706558e-01
4.588502299262591464e+02,3.598230994385886450e-01
4.590741966941591841e+02,3.561283408774651438e-01
4.592981756027105575e+02,3.634938660610034789e-01
4.595221666490933785e+02,3.570640264871003389e-01
4.597461698304878723e+02,3.553126149613729523e-01
4.599701851440740938e+02,3.546648326162409326e-01
4.601942125870323252e+02,3.568720909774315553e-01
4.604182521565426214e+02,3.580956798515698702e-01
4.606423038497851508e+02,3.509220901777002632e-01
4.608663676639401388e+02,3.517378160937924547e-01
4.610904435961876970e+02,3.526735017034276498e-01
4.613145316437079941e+02,3.571360023032261188e-01
4.615386318036811417e+02,3.522416468066729700e-01
4.617627440732873083e+02,3.496025335487276120e-01
4.619868684497067193e+02,3.538011228227315730e-01
4.622110049301194294e+02,3.517138241550838984e-01
4.624351535117056642e+02,3.636378176932550388e-01
4.626593141916455920e+02,3.550487036355784443e-01
4.628834869671192678e+02,3.511140256873690468e-01
4.631076718353069737e+02,3.686281409446425794e-01
4.633318687933888214e+02,3.638057612642152105e-01
4.635560778385448657e+02,3.530333807840565497e-01
4.637802989679554457e+02,3.534412437421026176e-01
4.640045321788005594e+02,3.568720909774315553e-01
4.642287774682604891e+02,3.542089857807776410e-01
4.644530348335152894e+02,3.521696709905471900e-01
4.646773042717451290e+02,3.646454791190160138e-01
4.649015857801302332e+02,3.608547528030581764e-01
4.651258793558507136e+02,3.525535420098846462e-01
4.653501849960866821e+02,3.501303562003166836e-01
4.655745026980183638e+02,3.471793477391596494e-01
4.657988324588258706e+02,3.596311639289198614e-01
4.660231742756894278e+02,3.520257193582956301e-01
4.662475281457890901e+02,3.495305577326018320e-01
4.664718940663050830e+02,3.562483005710081474e-01
4.666962720344175182e+02,3.566321715903456591e-01
4.669206620473066778e+02,3.521216871131299664e-01
4.671450641021525030e+02,3.510660418099518232e-01
4.673694781961352760e+02,3.507541466067401470e-01
4.675939043264352222e+02,3.451880168263463666e-01
4.678183424902323395e+02,3.527934613969705979e-01
4.680427926847069102e+02,3.580956798515698702e-01
4.682672549070389891e+02,3.502982997712768554e-01
4.684917291544088584e+02,3.434845891780361482e-01
4.687162154239965162e+02,3.447321699908830750e-01
4.689407137129821876e+02,3.417091857136002053e-01
4.691652240185461551e+02,3.481870091649205690e-01
4.693897463378684165e+02,3.450920490715119748e-01
4.696142806681291404e+02,3.467954767198221377e-01
4.698388270065084953e+02,3.494585819164760521e-01
4.700633853501867065e+02,3.441563634618767797e-01
4.702879556963438858e+02,3.591273332160394016e-01
4.705125380421601449e+02,3.421410406103549406e-01
4.707371323848157090e+02,3.541130180259432492e-01
4.709617387214906898e+02,3.445162425425057351e-01
4.711863570493652560e+02,3.374866045008876880e-01
4.714109873656195759e+02,3.479950736552518409e-01
4.716356296674337614e+02,3.412773308168455255e-01
4.718602839519880376e+02,3.477071703907487210e-01
4.720849502164625164e+02,3.375585803170134680e-01
4.723096284580373663e+02,3.434366053006189801e-01
4.725343186738927557e+02,3.335759184913869024e-01
4.727590208612087963e+02,3.363349914428752085e-01
4.729837350171656567e+02,3.428128148941955167e-01
4.732084611389435622e+02,3.284176516690391900e-01
4.734331992237225109e+02,3.280337806497016784e-01
4.736579492686828985e+02,3.372466851138017363e-01
4.738827112710046094e+02,3.306728939076470364e-01
4.741074852278680396e+02,3.211720861790438586e-01
4.743322711364531870e+02,3.221077717886789982e-01
4.745570689939402769e+02,3.271220869787751506e-01
4.747818787975094210e+02,3.274099902432782705e-01
4.750067005443408448e+02,3.378944674589338115e-01
4.752315342316146598e+02,3.266422482046032472e-01
4.754563798565110346e+02,3.494825738551846639e-01
4.756812374162100809e+02,3.264503126949345191e-01
4.759061069078919672e+02,3.271700708561923188e-01
4.761309883287369189e+02,3.335519265526782906e-01
4.763558816759250476e+02,3.247708769853329125e-01
4.765807869466364650e+02,3.122230930407383087e-01
4.768057041380513965e+02,3.304809583979782528e-01
4.770306332473499538e+02,3.168775291502055058e-01
4.772555742717123053e+02,3.162777306824906542e-01
4.774805272083186196e+02,3.178132147598407009e-01
4.777054920543490653e+02,3.211241023016266349e-01
4.779304688069837539e+02,3.213160378112954185e-01
4.781554574634028540e+02,3.261864013691399555e-01
4.783804580207865342e+02,3.157738999696101945e-01
4.786054704763149630e+02,3.119111978375265770e-01
4.788304948271682520e+02,3.134706738535851800e-01
4.790555310705266265e+02,3.155099886438156864e-01
4.792805792035701984e+02,3.132307544664992283e-01
4.795056392234791360e+02,3.220357959725532182e-01
4.797307111274335512e+02,3.090081732537867110e-01
4.799557949126136123e+02,3.163976903760336579e-01
4.801808905761995447e+02,3.145263191567633232e-01
4.804059981153714034e+02,3.231874090305656977e-01
4.806311175273094705e+02,2.996513171574350931e-01
4.808562488091938008e+02,3.242430543337438409e-01
4.810813919582045628e+02,3.088402296828265392e-01
4.813065469715219251e+02,3.136146254858367399e-01
4.815317138463260562e+02,2.966523248188608353e-01
4.817568925797971247e+02,3.040658338798163940e-01
4.819820831691152421e+02,3.043537371443195139e-01
4.822072856114606338e+02,3.086962780505749793e-01
4.824324999040133548e+02,3.043537371443195139e-01
4.826577260439536303e+02,3.003710753186928928e-01
4.828829640284616289e+02,3.005390188896530645e-01
4.831082138547174054e+02,2.947809535995905561e-01
4.833334755199012989e+02,3.046416404088226337e-01
4.835587490211932504e+02,3.024103901089233992e-01
4.837840343557735991e+02,2.963164376769405473e-01
4.840093315208223999e+02,3.019785352121687194e-01
4.842346405135198211e+02,3.042337774507765102e-01
4.844599613310460313e+02,2.981158330800851020e-01
4.846852939705811423e+02,2.920938564642280300e-01
4.849106384293054361e+02,2.969402280833640106e-01
4.851359947043989678e+02,3.062730922410070167e-01
4.853613627930418488e+02,2.981398250187936583e-01
4.855867426924143615e+02,3.049295436733257536e-01
4.858121343996965606e+02,2.923337758513139817e-01
4.860375379120686716e+02,2.986676476703827299e-01
4.862629532267107493e+02,2.989075670574686816e-01
4.864883803408030758e+02,2.923817597287311498e-01
4.867138192515257060e+02,2.978999056317077621e-01
4.869392699560588653e+02,2.882791382095615806e-01
4.871647324515827222e+02,3.262583771852657355e-01
4.873902067352773884e+02,2.840085731194318952e-01
4.876156928043229755e+02,3.013787367444538678e-01
4.878411906558997089e+02,2.958845827801858674e-01
4.880667002871877003e+02,2.928136146254858296e-01
4.882922216953671750e+02,2.960285344124374274e-01
4.885177548776182448e+02,2.913261144255530066e-01
4.887432998311210213e+02,2.963404296156491591e-01
4.889688565530557298e+02,2.896466787159514555e-01
4.891944250406024821e+02,2.919499048319764700e-01
4.894200052909415035e+02,2.866956702547943658e-01
4.896455973012528489e+02,2.882071623934358007e-01
4.898712010687167435e+02,2.958365989027686438e-01
4.900968165905132992e+02,2.848962748516498666e-01
4.903224438638227412e+02,2.833367988355912637e-01
4.905480828858251243e+02,2.775787335455286997e-01
4.907737336537007309e+02,2.749636122262919535e-01
4.909993961646296157e+02,2.842484925065177914e-01
4.912250704157919472e+02,2.918299451384334664e-01
4.914507564043679508e+02,2.692775227523552251e-01
4.916764541275376246e+02,2.750355880424177335e-01
4.919021635824813643e+02,2.756833703875498087e-01
4.921278847663791112e+02,2.810815565969834173e-01
4.923536176764110905e+02,2.730202651908958389e-01
4.925793623097575278e+02,2.863837750515826897e-01
4.928051186635984777e+02,2.805297420066857339e-01
4.930308867351142226e+02,2.614081668559364302e-01
4.932566665214847603e+02,2.836966779162201635e-01
4.934824580198903163e+02,2.730682490683130625e-01
4.937082612275110591e+02,2.673581676556677222e-01
4.939340761415271572e+02,2.766670398746021164e-01
4.941599027591187223e+02,2.715567569296716277e-01
4.943857410774660366e+02,2.802898226195998377e-01
4.946115910937490412e+02,2.771708705874826317e-01
4.948374528051480752e+02,2.622238927720286217e-01
4.950633262088431934e+02,2.657507077621918956e-01
4.952892113020145644e+02,2.655347803138145557e-01
4.955151080818423566e+02,2.669503046976215987e-01
4.957410165455067954e+02,2.663984901073239153e-01
4.959669366901879357e+02,2.686057484685145935e-01
4.961928685130659460e+02,2.788503062970841828e-01
4.964188120113211085e+02,2.751075638585435135e-01
4.966447671821333643e+02,2.582172390076933888e-01
4.968707340226830524e+02,2.633994977687497130e-01
4.970967125301502278e+02,2.638073607267957810e-01
4.973227027017151158e+02,2.540666336111066514e-01
4.975487045345577712e+02,2.533948593272660199e-01
4.977747180258584763e+02,2.517394155563730807e-01
4.980007431727973426e+02,2.497001007661425742e-01
4.982267799725544251e+02,2.441099790470402098e-01
4.984528284223100059e+02,2.506597783144863256e-01
4.986788885192441967e+02,2.438940515986628421e-01
4.989049602605371661e+02,2.483805441371699230e-01
4.991310436433690825e+02,2.496041330113082102e-01
4.993571386649200008e+02,2.425025191535644109e-01
4.995832453223702601e+02,2.484765118920042870e-01
4.998093636128998014e+02,2.414228819116776836e-01
5.000354935336889639e+02,2.429103821116105066e-01
5.002616350819178024e+02,2.620319572623598381e-01
5.004877882547664854e+02,2.479726811791238272e-01
5.007139530494152382e+02,2.511636090273667854e-01
5.009401294630441157e+02,2.373202603925081144e-01
5.011663174928333433e+02,2.468210681211113200e-01
5.013925171359630326e+02,2.392875993666128132e-01
5.016187283896133522e+02,2.510436493338238373e-01
5.018449512509644705e+02,2.382079621247260859e-01
5.020711857171965562e+02,2.349930423377745159e-01
5.022974317854897777e+02,2.381119943698917218e-01
5.025236894530241898e+02,2.352569536635690517e-01
5.027499587169800748e+02,2.417107851761808035e-01
5.029762395745374874e+02,2.413509060955519037e-01
5.032025320228767100e+02,2.395994945698245449e-01
5.034288360591777405e+02,2.385678412053550135e-01
5.036551516806208610e+02,2.424065513987300191e-01
5.038814788843861834e+02,2.309863885734393385e-01
5.041078176676538192e+02,2.445418339437948896e-01
5.043341680276039938e+02,2.352089697861518558e-01
5.045605299614168189e+02,2.351609859087346599e-01
5.047869034662724630e+02,2.306505014315190227e-01
5.050132885393510946e+02,2.296428400057580754e-01
5.052396851778328823e+02,2.246285248156619507e-01
5.054660933788979378e+02,2.252763071607939704e-01
5.056925131397264295e+02,2.327857839765838655e-01
5.059189444574985259e+02,2.251563474672510223e-01
5.061453873293943957e+02,2.205498952352009656e-01
5.063718417525941504e+02,2.309623966347307267e-01
5.065983077242780155e+02,2.244605812447017790e-01
5.068247852416261026e+02,2.172629996321236157e-01
5.070512743018185233e+02,2.192063466675197303e-01
5.072777749020355031e+02,2.165672334095744000e-01
5.075042870394572105e+02,2.124886038291134149e-01
5.077308107112637572e+02,2.327617920378752814e-01
5.079573459146352548e+02,2.089138049615329451e-01
5.081838926467519855e+02,2.155115881063962568e-01
5.084104509047940041e+02,2.184146126901361229e-01
5.086370206859414793e+02,2.107371923033860561e-01
5.088636019873746363e+02,2.109051358743462279e-01
5.090901948062734732e+02,2.077381999648118260e-01
5.093167991398183858e+02,2.127285232161993667e-01
5.095434149851893153e+02,2.047152156875289841e-01
5.097700423395664870e+02,2.261400169543033578e-01
5.099966812001301264e+02,2.019321507973320939e-01
5.102233315640602882e+02,2.025319492650469455e-01
5.104499934285371410e+02,2.074502967003087062e-01
5.106766667907409669e+02,1.996769085587242754e-01
5.109033516478517072e+02,2.070664256809711945e-01
5.111300479970497008e+02,2.032037235488875770e-01
5.113567558355150027e+02,2.052670302778266676e-01
5.115834751604278949e+02,2.044273124230258643e-01
5.118102059689683188e+02,1.922873914364773562e-01
5.120369482583166700e+02,2.173109835095408116e-01
5.122637020256529468e+02,2.020041266134578739e-01
5.124904672681573174e+02,2.047631995649461800e-01
5.127172439830100075e+02,1.976136018297852126e-01
5.129440321673910148e+02,2.049311431359063518e-01
5.131708318184807922e+02,2.015962636554117782e-01
5.133976429334593377e+02,1.947585611234625147e-01
5.136244655095065355e+02,2.064426352745477589e-01
5.138512995438029520e+02,1.959821499976008019e-01
5.140781450335286991e+02,1.985252955007117681e-01
5.143050019758636608e+02,1.996529166200156913e-01
5.145318703679881764e+02,1.917595687848882846e-01
5.147587502070823575e+02,1.991970697845523997e-01
5.149856414903264294e+02,1.918795284784312605e-01
5.152125442149003902e+02,1.940867868396218832e-01
5.154394583779846926e+02,1.942067465331648590e-01
5.156663839767591071e+02,2.007805377393195867e-01
5.158933210084042003e+02,1.938708593912445433e-01
5.161202694700996290e+02,1.944946497976679789e-01
5.163472293590260733e+02,2.014043281457430501e-01
5.165742006723633040e+02,1.854736808432366768e-01
5.168011834072917736e+02,1.960781177524351937e-01
5.170281775609913666e+02,1.902960605236640457e-01
5.172551831306423082e+02,1.871051326754210598e-01
5.174822001134249376e+02,1.834343660530061981e-01
5.177092285065192527e+02,1.921194478655171844e-01
5.179362683071053652e+02,1.887605764463140545e-01
5.181633195123636142e+02,1.886646086914796627e-01
5.183903821194739976e+02,1.826426320756225907e-01
5.186174561256166271e+02,1.927432382719406478e-01
5.188445415279718418e+02,1.783720669854928775e-01
5.190716383237195259e+02,1.942307384718734709e-01
5.192987465100402460e+02,1.880648102237648112e-01
5.195258660841138862e+02,1.956462628556804861e-01
5.197529970431205584e+02,1.918795284784312605e-01
5.199801393842404877e+02,1.875849714495929355e-01
5.202072931046538997e+02,1.904160202172070215e-01
5.204344582015409060e+02,1.854256969658194809e-01
5.206616346720816182e+02,2.004926344748164668e-01
5.208888225134562617e+02,1.975176340749508208e-01
5.211160217228448346e+02,1.835543257465491740e-01
5.213432322974276758e+02,1.875849714495929355e-01
5.215704542343848971e+02,1.811071479982725996e-01
5.217976875308967237e+02,1.874410198173413755e-01
5.220249321841431538e+02,1.903680363397898256e-01
5.222521881913044126e+02,1.929591657203179877e-01
5.224794555495606119e+02,1.983573519297516241e-01
5.227067342560919769e+02,1.911357783784648490e-01
5.229340243080787332e+02,1.891684394043601503e-01
5.231613257027008785e+02,1.989091665200492798e-01
5.233886384371385248e+02,1.878488827753874713e-01
5.236159625085720108e+02,1.841541242142640256e-01
5.238432979141814485e+02,1.888085603237312227e-01
5.240706446511469494e+02,1.798115833080085324e-01
5.242980027166486252e+02,1.919994881719742363e-01
5.245253721078668150e+02,1.851857775787335569e-01
5.247527528219814030e+02,1.898162217494921700e-01
5.249801448561728421e+02,1.830744869723772983e-01
5.252075482076210164e+02,1.910398106236304572e-01
5.254349628735062652e+02,1.890484797108171744e-01
5.256623888510086999e+02,1.902000927688296816e-01
5.258898261373084324e+02,1.811791238143983795e-01
5.261172747295856880e+02,1.920714639881000163e-01
5.263447346250204646e+02,1.870331568592952798e-01
5.265722058207931013e+02,1.843940436013499495e-01
5.267996883140837099e+02,2.161833623902368884e-01
5.270271821020724019e+02,2.013323523296172424e-01
5.272546871819392891e+02,1.897922298107835859e-01
5.274822035508647105e+02,1.837462612562179298e-01
5.277097312060286640e+02,1.830744869723772983e-01
5.279372701446113751e+02,1.954063434685945622e-01
5.281648203637928418e+02,1.922633994977687444e-01
5.283923818607534031e+02,1.848498904368132412e-01
5.286199546326732843e+02,1.884006973656851269e-01
5.288475386767324835e+02,1.860015034948257484e-01
5.290751339901109986e+02,1.854976727819452886e-01
5.293027405699893961e+02,1.833383982981718341e-01
5.295303584135474466e+02,1.835783176852577581e-01
5.297579875179656028e+02,1.849458581916476052e-01
5.299856278804238627e+02,1.817069464659874511e-01
5.302132794981023380e+02,1.890964635882343703e-01
5.304409423681813678e+02,1.820188416691991551e-01
5.306686164878409500e+02,1.836742854400921499e-01
5.308963018542613099e+02,1.851857775787335569e-01
5.311239984646224457e+02,1.854256969658194809e-01
5.313517063161048100e+02,1.765006957662225706e-01
5.315794254058882871e+02,1.870571487980038916e-01
5.318071557311532160e+02,1.822587610562851068e-01
5.320348972890797086e+02,1.947585611234625147e-01
5.322626500768478763e+02,1.836742854400921499e-01
5.324904140916378310e+02,1.777482765790694419e-01
5.327181893306296843e+02,1.811791238143983795e-01
5.329459757910038888e+02,1.919515042945570404e-01
5.331737734699403291e+02,1.938228755138273751e-01
5.334015823646193439e+02,1.799555349402600923e-01
5.336294024722208178e+02,1.875609795108843514e-01
5.338572337899252034e+02,1.807952527950608679e-01
5.340850763149123850e+02,1.695190416020217195e-01
5.343129300443628154e+02,1.860015034948257484e-01
5.345407949754564925e+02,1.843220677852241696e-01
5.347686711053734143e+02,1.917355768461797005e-01
5.349965584312940337e+02,1.866492858399577959e-01
5.352244569503983485e+02,1.815869867724444753e-01
5.354523666598665841e+02,1.781081556596983417e-01
5.356802875568787385e+02,1.777242846403608578e-01
5.359082196386151509e+02,1.820668255466163510e-01
5.361361629022558191e+02,1.787079541274131933e-01
5.363641173449810822e+02,1.820188416691991551e-01
5.365920829639710519e+02,1.855216647206538727e-01
5.368200597564057261e+02,1.845619871723101213e-01
5.370480477194653304e+02,1.810831560595639877e-01
5.372760468503302036e+02,1.778922282113210018e-01
5.375040571461802301e+02,1.773164216823147621e-01
5.377320786041957490e+02,1.872011004302554515e-01
5.379601112215568719e+02,1.875849714495929355e-01
5.381881549954437105e+02,1.745813406695350400e-01
5.384162099230363765e+02,1.742934374050319202e-01
5.386442760015152089e+02,1.911837622558820449e-01
5.388723532280600921e+02,1.713904128212920541e-01
5.391004415998515924e+02,1.838902128884694898e-01
5.393285411140693668e+02,1.708385982309943985e-01
5.395566517678939817e+02,1.805073495305577480e-01
5.397847735585054352e+02,1.841781161529726096e-01
5.400129064830838388e+02,1.770285184178116145e-01
5.402410505388094180e+02,1.884486812431023228e-01
5.404692057228622843e+02,1.896962620559492219e-01
5.406973720324226633e+02,1.786359783112874133e-01
5.409255494646705529e+02,1.764767038275139588e-01
5.411537380167862921e+02,1.823307368724108868e-01
5.413819376859498789e+02,1.796676316757569447e-01
5.416101484693416523e+02,1.963180371395211177e-01
5.418383703641416105e+02,1.781321475984069536e-01
5.420666033675299786e+02,1.823547288111194709e-01
5.422948474766868685e+02,1.782281153532413176e-01
5.425231026887925054e+02,1.862414228819117001e-01
5.427513690010270011e+02,1.746533164856608200e-01
5.429796464105705809e+02,1.819708577917819592e-01
5.432079349146031291e+02,1.762367844404280348e-01
5.434362345103052121e+02,1.774123894371491261e-01
5.436645451948568279e+02,1.827625917691655666e-01
5.438928669654378609e+02,1.797396074918827247e-01
5.441211998192288775e+02,1.757809376049647432e-01
5.443495437534097618e+02,1.864813422689976241e-01
5.445778987651607395e+02,1.808672286111866478e-01
5.448062648516620357e+02,1.845619871723101213e-01
5.450346420100937621e+02,1.754690424017530115e-01
5.452630302376360305e+02,1.837462612562179298e-01
5.454914295314690662e+02,1.860494873722429443e-01
5.457198398887730946e+02,1.790918251467507050e-01
5.459482613067279999e+02,1.774603733145663220e-01
5.461766937825141213e+02,1.785160186177444375e-01
5.464051373133115703e+02,1.860254954335343325e-01
5.466335918963006861e+02,1.796676316757569447e-01
5.468620575286614667e+02,1.754930343404616233e-01
5.470905342075739100e+02,1.734777114889397287e-01
5.473190219302184687e+02,1.976615857072023807e-01
5.475475206937751409e+02,1.749652116888725517e-01
5.477760304954240382e+02,1.809152124886038437e-01
5.480045513323454998e+02,1.828345675852913466e-01
5.482330832017196371e+02,1.775563410694006861e-01
5.484616261007263347e+02,1.740775099566545803e-01
5.486901800265459315e+02,1.807712608563522838e-01
5.489187449763587665e+02,1.800275107563858723e-01
5.491473209473448378e+02,1.718702515954639298e-01
5.493759079366841434e+02,1.835783176852577581e-01
5.496045059415571359e+02,1.736936389373170686e-01
5.498331149591438134e+02,1.773404136210233462e-01
5.500617349866242876e+02,1.740295260792373844e-01
5.502903660211786701e+02,1.847059388045616812e-01
5.505190080599874136e+02,1.892404152204859302e-01
5.507476611002304026e+02,1.805553334079749439e-01
5.509763251390878622e+02,1.875849714495929355e-01
5.512050001737400180e+02,1.797396074918827247e-01
5.514336862013667542e+02,1.810111802434382078e-01
5.516623832191487509e+02,1.829785192175429065e-01
5.518910912242655513e+02,1.802914220821804081e-01
5.521198102138978356e+02,1.810351721821468196e-01
5.523485401852253744e+02,1.897202539946578059e-01
5.525772811354286205e+02,1.842980758465155855e-01
5.528060330616874580e+02,1.884006973656851269e-01
5.530347959611822262e+02,1.778682362726124178e-01
5.532635698310930366e+02,1.866972697173749640e-01
5.534923546686001146e+02,1.905599718494585815e-01
5.537211504708834582e+02,1.855216647206538727e-01
5.539499572351232928e+02,1.962220693846867536e-01
5.541787749584998437e+02,1.797635994305913365e-01
5.544076036381932227e+02,1.823307368724108868e-01
5.546364432713835413e+02,1.767646070920170787e-01
5.548652938552509113e+02,1.830025111562515183e-01
5.550941553869756717e+02,1.880408182850562271e-01
5.553230278637379342e+02,1.860734793109515284e-01
5.555519112827175832e+02,1.937269077589929833e-01
5.557808056410951849e+02,1.966539242814414334e-01
5.560097109360506238e+02,1.854256969658194809e-01
5.562386271647641252e+02,1.896482781785320260e-01
5.564675543244159144e+02,1.860974712496601124e-01
5.566964924121859895e+02,1.924313430687289161e-01
5.569254414252545757e+02,1.902240847075382657e-01
5.571544013608018986e+02,1.819468658530733751e-01
5.573833722160080697e+02,1.871051326754210598e-01
5.576123539880532007e+02,2.019321507973320939e-01
5.578413466741176308e+02,1.984773116232945722e-01
5.580703502713811304e+02,1.985732793781289640e-01
5.582993647770242660e+02,1.928631979654835960e-01
5.585283901882270357e+02,1.879208585915132512e-01
5.587574265021694373e+02,1.905359799107499974e-01
5.589864737160319237e+02,2.131843700516626583e-01
5.592155318269944928e+02,1.986692471329633281e-01
5.594446008322372563e+02,1.977575534620367725e-01
5.596736807289405533e+02,2.007565458006110026e-01
5.599027715142842681e+02,2.069224740487196346e-01
5.601318731854487396e+02,2.017642072263719499e-01
5.603609857396140796e+02,1.995569488651812995e-01
5.605901091739603999e+02,2.036595703843508687e-01
5.608192434856679256e+02,2.078581596583548019e-01
5.610483886719168822e+02,1.995569488651812995e-01
5.612775447298872677e+02,1.998688440683930312e-01
5.615067116567591938e+02,2.132083619903712424e-01
5.617358894497131132e+02,2.105932406711344962e-01
5.619650781059287965e+02,2.084579581260696535e-01
5.621942776225866965e+02,2.086978775131555774e-01
5.624234879968669247e+02,2.109051358743462279e-01
5.626527092259495930e+02,2.230930407383119318e-01
5.628819413070148130e+02,2.082420306776923136e-01
5.631111842372426963e+02,2.242446537963244391e-01
5.633404380138135821e+02,2.169031205514947158e-01
5.635697026339075819e+02,2.117208617904384194e-01
5.637989780947046938e+02,2.169990883063290799e-01
5.640282643933851432e+02,2.194222741158970702e-01
5.642575615271291554e+02,2.235728795124838075e-01
5.644868694931169557e+02,2.145279186193438936e-01
5.647161882885284285e+02,2.194702579933142383e-01
5.649455179105439129e+02,2.186785240159306587e-01
5.651748583563435204e+02,2.149357815773899893e-01
5.654042096231075902e+02,2.175988867740439314e-01
5.656335717080160066e+02,2.231650165544377118e-01
5.658629446082491086e+02,2.215335647222533288e-01
5.660923283209867805e+02,2.229490891060603719e-01
5.663217228434095887e+02,2.306505014315190227e-01
5.665511281726974175e+02,2.300507029638041712e-01
5.667805443060303787e+02,2.249164280801650706e-01
5.670099712405889250e+02,2.320180419379088699e-01
5.672394089735528269e+02,2.283472753154940083e-01
5.674688575021025372e+02,2.357847763151581233e-01
5.676983168234181676e+02,2.321859855088690139e-01
5.679277869346797161e+02,2.418307448697237794e-01
5.681572678330675217e+02,2.319460661217830899e-01
5.683867595157615824e+02,2.304345739831416551e-01
5.686162619799422373e+02,2.467970761824027082e-01
5.688457752227893707e+02,2.431982853761136265e-01
5.690752992414834353e+02,2.483805441371699230e-01
5.693048340332044290e+02,2.568736904400121812e-01
5.695343795951324637e+02,2.450456646566753494e-01
5.697639359244478783e+02,2.463172374082308325e-01
5.699935030183305571e+02,2.681738935717599137e-01
5.702230808739609529e+02,2.510196573951152255e-01
5.704526694885189499e+02,2.470609875081972440e-01
5.706822688591848873e+02,2.504438508661089857e-01
5.709118789831388767e+02,2.506357863757777138e-01
5.711414998575612572e+02,2.584091745173621724e-01
5.713711314796316856e+02,2.621759088946113980e-01
5.716007738465308421e+02,2.613361910398106502e-01
5.718304269554384973e+02,2.824251051646646804e-01
5.720600908035351040e+02,2.675501031653364503e-01
5.722897653880006601e+02,2.683178452040114736e-01
5.725194507060153910e+02,2.824970809807904604e-01
5.727491467547592947e+02,2.726124022328497709e-01
5.729788535314128239e+02,2.655347803138145557e-01
5.732085710331557493e+02,2.700212728523216366e-01
5.734382992571686373e+02,2.816813550646982689e-01
5.736680382006313721e+02,2.697093776491099049e-01
5.738977878607240655e+02,2.711009100942083361e-01
5.741275482346270564e+02,2.681499016330513019e-01
5.743573193195204567e+02,2.800738951712224423e-01
5.745871011125844916e+02,2.878712752515155127e-01
5.748168936109991591e+02,2.762831688552646048e-01
5.750466968119445710e+02,2.791861934390044708e-01
5.752765107126010662e+02,2.811295404744005855e-01
5.755063353101487564e+02,2.988115993026342898e-01
5.757361706017677534e+02,2.877033316805553409e-01
5.759660165846382824e+02,2.960765182898545955e-01
5.761958732559403416e+02,2.893827673901568920e-01
5.764257406128541561e+02,3.014267206218710360e-01
5.766556186525599514e+02,3.125829721213672086e-01
5.768855073722379529e+02,3.049535356120343654e-01
5.771154067690680449e+02,3.062970841797156285e-01
5.773453168402306801e+02,3.008749060315734081e-01
5.775752375829057428e+02,3.031301482701811989e-01
5.778051689942735720e+02,3.135906335471281836e-01
5.780351110715143932e+02,3.170934565985828457e-01
5.782650638118082043e+02,3.275779338142383867e-01
5.784950272123351169e+02,3.165896258857023859e-01
5.787250012702754702e+02,3.215799491370899266e-01
5.789549859828093759e+02,3.290654340141712098e-01
5.791849813471168318e+02,3.241950704563266727e-01
5.794149873603780634e+02,3.328081764527118791e-01
5.796450040197734097e+02,3.352073703235712854e-01
5.798750313224827551e+02,3.240511188240751128e-01
5.801050692656865522e+02,3.377265238879736398e-01
5.803351178465645717e+02,3.240751107627837246e-01
5.805651770622973800e+02,3.339837814494329704e-01
5.807952469100648614e+02,3.431966859135330283e-01
5.810253273870471276e+02,3.383503142943971032e-01
5.812554184904246313e+02,3.458837830488955545e-01
5.814855202173772568e+02,3.502743078325682435e-01
5.817156325650853432e+02,3.454039442747237065e-01
5.819457555307288885e+02,3.584795508709073819e-01
5.821758891114881180e+02,3.530333807840565497e-01
5.824060333045431435e+02,3.626541482062027311e-01
5.826361881070743038e+02,3.642136242222613340e-01
5.828663535162614835e+02,3.646694710577245702e-01
5.830965295292851351e+02,3.691559635962316510e-01
5.833267161433250294e+02,3.820876185601637665e-01
5.835569133555617327e+02,3.645735033028902339e-01
5.837871211631752431e+02,3.888773372146958618e-01
5.840173395633455584e+02,3.691799555349402628e-01
5.842475685532529042e+02,3.893331840501591534e-01
5.844778081300776194e+02,3.768333839829817178e-01
5.847080582909997020e+02,3.861182642632075557e-01
5.849383190331993774e+02,3.838870139633083212e-01
5.851685903538567572e+02,4.115257273556084949e-01
5.853988722501519533e+02,3.956910478079365134e-01
5.856291647192651908e+02,4.039442747236928200e-01
5.858594677583766952e+02,4.001055645303178143e-01
5.860897813646663508e+02,4.063914524719693944e-01
5.863201055353147240e+02,4.036803633978983119e-01
5.865504402675015854e+02,4.083347995073655090e-01
5.867807855584072740e+02,4.099662513395498920e-01
5.870111414052120153e+02,4.039442747236928200e-01
5.872415078050958073e+02,4.044720973752818916e-01
5.874718847552387615e+02,4.184354057036835384e-01
5.877022722528213308e+02,4.168759296876249354e-01
5.879326702950233994e+02,4.212424625325890126e-01
5.881630788790253064e+02,4.294237136322195392e-01
5.883934980020069361e+02,4.307192783224836341e-01
5.886239276611487412e+02,4.356856096351625629e-01
5.888543678536307198e+02,4.319428671966218936e-01
5.890848185766330971e+02,4.289918587354648594e-01
5.893152798273358712e+02,4.447785544057196727e-01
5.895457516029194949e+02,4.431471025735352898e-01
5.897762339005638523e+02,4.383966987092337009e-01
5.900067267174492827e+02,4.500087970441931096e-01
5.902372300507556702e+02,4.506805713280337411e-01
5.904677438976634676e+02,4.447785544057196727e-01
5.906982682553527866e+02,4.459061755250235959e-01
5.909288031210037389e+02,4.421634330864829265e-01
5.911593484917962087e+02,4.557668623342556735e-01
5.913899043649108762e+02,4.585259352857439796e-01
5.916204707375275120e+02,4.587178707954127077e-01
5.918510476068263415e+02,4.601333951792197507e-01
5.920816349699875900e+02,4.612850082372322857e-01
5.923122328241915966e+02,4.677388397498440376e-01
5.925428411666180182e+02,4.853249308232433501e-01
5.927734599944474212e+02,4.838854145007277507e-01
5.930040893048598036e+02,4.780073895171222387e-01
5.932347290950353909e+02,4.879160602037714844e-01
5.934653793621542945e+02,4.920186817229410536e-01
5.936960401033966264e+02,4.917547703971465456e-01
5.939267113159426117e+02,5.077573935157786433e-01
5.941573929969724759e+02,4.941539642680059519e-01
5.943880851436663306e+02,4.861166648006269853e-01
5.946187877532041739e+02,4.988084003774731490e-01
5.948495008227662311e+02,4.939620287583371683e-01
5.950802243495328412e+02,4.893795684649957511e-01
5.953109583306838886e+02,4.916108187648949857e-01
5.955417027633998259e+02,4.978007389517121739e-01
5.957724576448606513e+02,4.940340045744629482e-01
5.960032229722464763e+02,5.098926760608435416e-01
5.962339987427374126e+02,4.987124326226387572e-01
5.964647849535136857e+02,5.119559827897826043e-01
5.966955816017555208e+02,5.188656611378577033e-01
5.969263886846431433e+02,5.133475152348810910e-01
5.971572061993564375e+02,5.243838070408342045e-01
5.973880341430757426e+02,5.287983237632155609e-01
5.976188725129811701e+02,5.312694934502006916e-01
5.978497213062529454e+02,5.390188896530765383e-01
5.980805805200711802e+02,5.410102205658898766e-01
5.983114501516158725e+02,5.478959069752562527e-01
5.985423301980674751e+02,5.457366324914828537e-01
5.987732206566058721e+02,5.390188896530765383e-01
5.990041215244115165e+02,5.344364293597351212e-01
5.992350327986642924e+02,5.326130420178819547e-01
5.994659544765444252e+02,5.304057836566913320e-01
5.996968865552321404e+02,5.239519521440795247e-01
5.999278290319075495e+02,5.285104204987124410e-01
6.001587819037506506e+02,5.305257433502342801e-01
6.003897451679418964e+02,5.472481246301242885e-01
6.006207188216612849e+02,5.280305817245405375e-01
6.008517028620890414e+02,5.406983253626781449e-01
6.010826972864051640e+02,5.378672765950640589e-01
6.013137020917899918e+02,5.450168743302250540e-01
6.015447172754236362e+02,5.432414708657891111e-01
6.017757428344862092e+02,5.454007453495625102e-01
6.020067787661578222e+02,5.619791749972009587e-01
6.022378250676187008e+02,5.606356264295196956e-01
6.024688817360490702e+02,5.708322003806720613e-01
6.026999487686289285e+02,5.781257497480846164e-01
6.029310261625385010e+02,5.845795812606964237e-01
6.031621139149578994e+02,5.947041793957229538e-01
6.033932120230674627e+02,5.999104300954878344e-01
6.036243204840470753e+02,6.008221237664144176e-01
6.038554392950770762e+02,6.055965195694246184e-01
6.040865684533376907e+02,6.047568017146238706e-01
6.043177079560089169e+02,6.060043825274706863e-01
6.045488578002708664e+02,6.032213176372738239e-01
6.047800179833038783e+02,6.094112378240911232e-01
6.050111885022879505e+02,5.878904688024823022e-01
6.052423693544033085e+02,6.062203099758480818e-01
6.054735605368300639e+02,5.872666783960588388e-01
6.057047620467484421e+02,5.824203067769229136e-01
6.059359738813386684e+02,5.941523648054253259e-01
6.061671960377807409e+02,5.859951056445034112e-01
6.063984285132547711e+02,5.974872442859199273e-01
6.066296713049410982e+02,5.958557924537355444e-01
6.068609244100198339e+02,6.053566001823387221e-01
6.070921878256710897e+02,6.066521648726027616e-01
6.073234615490749775e+02,6.150733353593191843e-01
6.075547455774117225e+02,6.061963180371394699e-01
6.077860399078614364e+02,6.035332128404855556e-01
6.080173445376043446e+02,5.975592201020456518e-01
6.082486594638205588e+02,6.097951088434285793e-01
6.084799846836901906e+02,5.981110346923433907e-01
6.087113201943934655e+02,5.946322035795972294e-01
6.089426659931106087e+02,5.799971209673548955e-01
6.091740220770216183e+02,5.693926840581564619e-01
6.094053884433067196e+02,5.546856256297884036e-01
6.096367650891459107e+02,5.606596183682281964e-01
6.098681520117197579e+02,5.385390508789046349e-01
6.100995492082079181e+02,5.476319956494617447e-01
6.103309566757909579e+02,5.424017530109882523e-01
6.105623744116488751e+02,5.349642520113241373e-01
6.107938024129616679e+02,5.285344124374210528e-01
6.110252406769097888e+02,5.464323987140320416e-01
6.112566892006732360e+02,5.633467155035907226e-01
6.114881479814321210e+02,5.714559907870955247e-01
6.117196170163665556e+02,5.680011516130579752e-01
6.119510963026568788e+02,5.836918795284784522e-01
6.121825858374832023e+02,6.176164808624301505e-01
6.124140856180256378e+02,6.149773676044848481e-01
6.126455956414642969e+02,6.212632555461364836e-01
6.128771159049794051e+02,6.224628524815661867e-01
6.131086464057511876e+02,6.147134562786903400e-01
6.133401871409596424e+02,6.080436973177012483e-01
6.135717381077848813e+02,6.097471249660113557e-01
6.138032993034072433e+02,6.069160761983972696e-01
6.140348707250068401e+02,5.844356296284448637e-01
6.142664523697637833e+02,5.768781689352376896e-01
6.144980442348582983e+02,5.553813918523375914e-01
6.147296463174703831e+02,5.444410678012188143e-01
6.149612586147802631e+02,5.373394539434749317e-01
6.151928811239681636e+02,5.377953007789382234e-01
6.154245138422143100e+02,5.341245341565233895e-01
6.156561567666987003e+02,5.383231234305273505e-01
6.158878098946015598e+02,5.325170742630476184e-01
6.161194732231031139e+02,5.461444954495289217e-01
6.163511467493832470e+02,5.687449017130243867e-01
6.165828304706224117e+02,5.709281681355063975e-01
6.168145243840006060e+02,5.862590169702979193e-01
6.170462284866980553e+02,6.044209145727035271e-01
6.172779427758948714e+02,6.203275699365012885e-01
6.175096672487712794e+02,6.323955151069240443e-01
6.177414019025072776e+02,6.356104348938755866e-01
6.179731467342833184e+02,6.324434989843412680e-01
6.182049017412791727e+02,6.281969258329200834e-01
6.184366669206754068e+02,6.364741446873849462e-01
6.186684422696517913e+02,6.156971257657426477e-01
6.189002277853887790e+02,6.010140592760832012e-01
6.191320234650663679e+02,5.902176868572159840e-01
6.193638293058646695e+02,5.778858303609987201e-01
6.195956453049639094e+02,5.735192975160345874e-01
6.198274714595443129e+02,5.697045792613681936e-01
6.200593077667861053e+02,5.582604244973689012e-01
6.202911542238691709e+02,5.559092145039266075e-01
6.205230108279738488e+02,5.498632459493609792e-01
6.207548775762802507e+02,5.728955071096111240e-01
6.209867544659684881e+02,5.618112314262407869e-01
6.212186414942186730e+02,5.874346219670190106e-01
6.214505386582113715e+02,5.938404696022135942e-01
6.216824459551262407e+02,6.012299867244605966e-01
6.219143633821435060e+02,6.121703107755793738e-01
6.221462909364436200e+02,6.241902720685849060e-01
6.223782286152063534e+02,6.154572063786567515e-01
6.226101764156122726e+02,6.354184993842069140e-01
6.228421343348411483e+02,6.327314022488443879e-01
6.230741023700734331e+02,6.281009580780857471e-01
6.233060805184891251e+02,6.217910781977254997e-01
6.235380687772684496e+02,6.242622478847107415e-01
6.237700671435915183e+02,6.072999472177348368e-01
6.240020756146384429e+02,6.124582140400824937e-01
6.242340941875894487e+02,6.102029718014746473e-01
6.244661228596246474e+02,6.059803905887621855e-01
6.246981616279243781e+02,5.914652676700627998e-01
6.249302104896685250e+02,6.041809951856176308e-01
6.251622694420373136e+02,6.099870443530973629e-01
6.253943384822110829e+02,6.133459157723004651e-01
6.256264176073698309e+02,6.131779722013402933e-01
6.258585068146936692e+02,6.157451096431598714e-01
6.260906061013628232e+02,6.070840197693574414e-01
6.263227154645575183e+02,6.154092225012395279e-01
6.265548349014577525e+02,6.102989395563090946e-01
6.267869644092438648e+02,6.097231330273027439e-01
6.270191039850958532e+02,6.027894627405191441e-01
6.272512536261939431e+02,6.135378512819692487e-01
6.274834133297183598e+02,5.938164776635049824e-01
6.277155830928491014e+02,5.985188976503894587e-01
6.279477629127663931e+02,5.774059915868268167e-01
6.281799527866503468e+02,5.782936933190447881e-01
6.284121527116813013e+02,5.756065961836822620e-01
6.286443626850392548e+02,5.565330049103500709e-01
6.288765827039044325e+02,5.602037715327649048e-01
6.291088127654568325e+02,5.585483277618720210e-01
6.293410528668769075e+02,5.614273604069032197e-01
6.295733030053444281e+02,5.706402648710032777e-01
6.298055631780398471e+02,5.815805889221221658e-01
6.300378333821432761e+02,5.649541753970666047e-01
6.302701136148348269e+02,5.585483277618720210e-01
6.305024038732944973e+02,5.795412741318916039e-01
6.307347041547027402e+02,5.706162729322946658e-01
6.309670144562396672e+02,5.752467171030533066e-01
6.311993347750851626e+02,5.875065977831448460e-01
6.314316651084196792e+02,5.697285712000766944e-01
6.316640054534232149e+02,5.715519585419298609e-01
6.318963558072759952e+02,5.814606292285792177e-01
6.321287161671580179e+02,5.657219174357415170e-01
6.323610865302496222e+02,5.554293757297548151e-01
6.325934668937310335e+02,5.527422785943922889e-01
6.328258572547821359e+02,5.511588106396250186e-01
6.330582576105832686e+02,5.360918731306281160e-01
6.332906679583145433e+02,5.295660658018905842e-01
6.335230882951561853e+02,5.002479166999888038e-01
6.337555186182883062e+02,5.166104188992498569e-01
6.339879589248910179e+02,4.942979159002575118e-01
6.342204092121444319e+02,4.971529566065801542e-01
6.344528694772287736e+02,4.987124326226387572e-01
6.346853397173242683e+02,4.941539642680059519e-01
6.349178199296109142e+02,4.914428751939348139e-01
6.351503101112690501e+02,4.918027542745637137e-01
6.353828102594786742e+02,5.024311831224708147e-01
6.356153203714200117e+02,4.996721101709825086e-01
6.358478404442732881e+02,5.039186833224036377e-01
6.360803704752186150e+02,5.152668703315685939e-01
6.363129104614359903e+02,5.119319908510739925e-01
6.365454604001057533e+02,4.977767470130036176e-01
6.367780202884080154e+02,5.004638441483660882e-01
6.370105901235228885e+02,4.960253354872762310e-01
6.372431699026305978e+02,5.061499336223028722e-01
6.374757596229112551e+02,4.918507381519809374e-01
6.377083592815449720e+02,4.861406567393355416e-01
6.379409688757119739e+02,4.850370275587402302e-01
6.381735884025924861e+02,4.793269461460948899e-01
6.384062178593665067e+02,4.785592041074198666e-01
6.386388572432142610e+02,4.692023480110682487e-01
6.388715065513158606e+02,4.644999280241838280e-01
6.391041657808516447e+02,4.542553701956142387e-01
6.393368349290014976e+02,4.452104093024743525e-01
6.395695139929458719e+02,4.648598071048127833e-01
6.398022029698646520e+02,4.543513379504486305e-01
6.400349018569381769e+02,4.616208953791525738e-01
6.402676106513463310e+02,4.399321827865836920e-01
6.405003293502695669e+02,4.644519441467666598e-01
6.407330579508879964e+02,4.594376289566705629e-01
6.409657964503817311e+02,4.606372258921002105e-01
6.411985448459308827e+02,4.694902512755713686e-01
6.414313031347156766e+02,4.611890404823978939e-01
6.416640713139161107e+02,4.700420658658690520e-01
6.418968493807126379e+02,4.680987188304729374e-01
6.421296373322851423e+02,4.673309767917979141e-01
6.423624351658138494e+02,4.598902870537506793e-01
6.425952428784789845e+02,4.593958291586292542e-01
6.428280604674607730e+02,4.575335310798248623e-01
6.430608879299390992e+02,4.593823278004246502e-01
6.432937252630943021e+02,4.628853649685119032e-01
6.435265724641066072e+02,4.528090441284732259e-01
6.437594295301560123e+02,4.483603383525944786e-01
6.439922964584227429e+02,4.513868742514929311e-01
6.442251732460870244e+02,4.588084139813006779e-01
6.444580598903287409e+02,4.722723440993467081e-01
6.446909563883284591e+02,4.820965929068438127e-01
6.449238627372660630e+02,4.890015473172595883e-01
6.451567789343216646e+02,4.959749583214441704e-01
6.453897049766756027e+02,4.850154814535050374e-01
6.456226408615079890e+02,4.809883454221179355e-01
6.458555865859989353e+02,4.758244391047937727e-01
6.460885421473285533e+02,4.798444707899190420e-01
6.463215075426771818e+02,4.778405461977009994e-01
6.465544827692247054e+02,4.790990261871315714e-01
6.467874678241514630e+02,4.608753532635055938e-01
6.470204627046375663e+02,4.380784897552498225e-01
6.472534674078632406e+02,4.416646630549578845e-01
6.474864819310084840e+02,4.337403726269634663e-01
6.477195062712535218e+02,4.324843532308327854e-01
6.479525404257785794e+02,4.180442827927307592e-01
6.481855843917638822e+02,4.218895086019583407e-01
6.484186381663894281e+02,4.192069794207654576e-01
6.486517017468353288e+02,4.201565575626173832e-01
6.488847751302819233e+02,4.023174334524978746e-01
6.491178583139092098e+02,4.057488832733295858e-01
6.493509512948972997e+02,4.033615897075183976e-01
6.495840540704266459e+02,4.013575478017551990e-01
6.498171666376770190e+02,4.017178986357821668e-01
6.500502889938288718e+02,3.937416277522308161e-01
6.502834211360623158e+02,4.122301419288731394e-01
6.505165630615574628e+02,4.025065200825638234e-01
6.507497147674943108e+02,4.194179540083101121e-01
6.509828762510533124e+02,4.256879005518159897e-01
6.512160475094142384e+02,4.294683361226595553e-01
6.514492285397577689e+02,4.368372226931750979e-01
6.516824193392635607e+02,4.316549639321187737e-01
6.519156199051120666e+02,4.378928679963531856e-01
6.521488302344832846e+02,4.408678683962188316e-01
6.523820503245575537e+02,4.367652468770493179e-01
6.526152801725147583e+02,4.492170630668095299e-01
6.528485197755353511e+02,4.311031493418211458e-01
6.530817691307993300e+02,4.285120199612930114e-01
6.533150282354868068e+02,4.248652452775867339e-01
6.535482970867781205e+02,4.255130276227187536e-01
6.537815756818531554e+02,4.055757265558772029e-01
6.540148640178922506e+02,4.104460901137217954e-01
6.542481620920755176e+02,4.017610083012107536e-01
6.544814699015832957e+02,3.978023384142927998e-01
6.547147874435954691e+02,3.990739111658482829e-01
6.549481147152921494e+02,3.835511268213879776e-01
6.551814517138537894e+02,3.801442715247676518e-01
6.554147984364603872e+02,3.799763279538075356e-01
6.556481548802920543e+02,3.756097951088434028e-01
6.558815210425289024e+02,3.799763279538075356e-01
6.561148969203513843e+02,3.904847971081716329e-01
6.563482825109393843e+02,3.836470945762223694e-01
6.565816778114731278e+02,4.020009276882967053e-01
6.568150828191327264e+02,3.992178627980998429e-01
6.570484975310984055e+02,4.081908478751139491e-01
6.572819219445502767e+02,4.037523392140240919e-01
6.575153560566685655e+02,4.026727019721373368e-01
6.577487998646333835e+02,4.093904448105436522e-01
6.579822533656247288e+02,4.076150413461077093e-01
6.582157165568230539e+02,4.116216951104428867e-01
6.584491894354083570e+02,4.007533468754498340e-01
6.586826719985608634e+02,4.011132259560787339e-01
6.589161642434605710e+02,3.972025399465779483e-01
6.591496661672877053e+02,3.835031429439708095e-01
6.593831777672226053e+02,3.699956814510324543e-01
6.596166990404451553e+02,3.722029398122230770e-01
6.598502299841355807e+02,3.692759232897745991e-01
6.600837705954743342e+02,3.590313654612050098e-01
6.603173208716409590e+02,3.549047520033268843e-01
6.605508808098162490e+02,3.471313638617424258e-01
6.607844504071799747e+02,3.485708801842580806e-01
6.610180296609125890e+02,3.265222885110602991e-01
6.612516185681938623e+02,3.436525327489963200e-01
6.614852171262041338e+02,3.443003150941283397e-01
6.617188253321237426e+02,3.443243070328369515e-01
6.619524431831325728e+02,3.445882183586315151e-01
6.621860706764109636e+02,3.428607987716127403e-01
6.624197078091390267e+02,3.362390236880408168e-01
6.626533545784967600e+02,3.430287423425729121e-01
6.628870109816645027e+02,3.473232993714112093e-01
6.631206770158223662e+02,3.575678571999807986e-01
6.633543526781504625e+02,3.592712848482909616e-01
6.635880379658290167e+02,3.620303577997792677e-01
6.638217328760381406e+02,3.766414484733129342e-01
6.640554374059579459e+02,3.679083827833847797e-01
6.642891515527687716e+02,3.741942707250363598e-01
6.645228753136505020e+02,3.668287455414980247e-01
6.647566086857834762e+02,3.687960845156027512e-01
6.649903516663478058e+02,3.639017290190496023e-01
6.652241042525237162e+02,3.722509236896402451e-01
6.654578664414912055e+02,3.698997136961980625e-01
6.656916382304304989e+02,3.638057612642152105e-01
6.659254196165219355e+02,3.676684633962988280e-01
6.661592105969452859e+02,3.639257209577581587e-01
6.663930111688811166e+02,3.548567681259096607e-01
6.666268213295093119e+02,3.578557604644839185e-01
6.668606410760100971e+02,3.534652356808112295e-01
6.670944704055636976e+02,3.416132179587658690e-01
6.673283093153502250e+02,3.285616033012907500e-01
6.675621578025497911e+02,3.346315637945650456e-01
6.677960158643425075e+02,3.369347899105900601e-01
6.680298834979087133e+02,3.301690631947665766e-01
6.682637607004285201e+02,3.371027334815501764e-01
6.684976474690819259e+02,3.234513203563602612e-01
6.687315438010491562e+02,3.211241023016266349e-01
6.689654496935104362e+02,3.227075702563938497e-01
6.691993651436458777e+02,3.195166424081508638e-01
6.694332901486355922e+02,3.094160362118328345e-01
6.696672247056599190e+02,3.059611970377952850e-01
6.699011688118987422e+02,2.994833735864749213e-01
6.701351224645325146e+02,3.043057532669022902e-01
6.703690856607410069e+02,2.988355912413429016e-01
6.706030583977046717e+02,2.965563570640264990e-01
6.708370406726037345e+02,2.890468802482366040e-01
6.710710324826179658e+02,2.885190575966475324e-01
6.713050338249279321e+02,2.695174421394411213e-01
6.715390446967136313e+02,2.652228851106028240e-01
6.717730650951550615e+02,2.783224836454951112e-01
6.720070950174326754e+02,2.618160298139824982e-01
6.722411344607264709e+02,2.665664336782840871e-01
6.724751834222165598e+02,2.457414308792245927e-01
6.727092418990832812e+02,2.430543337438620666e-01
6.729433098885065192e+02,2.287071543961229081e-01
6.731773873876666130e+02,2.482126005662097512e-01
6.734114743937436742e+02,2.379440507989315501e-01
6.736455709039178146e+02,2.295708641896322955e-01
6.738796769153693731e+02,2.266198557284752335e-01
6.741137924252782341e+02,2.188224756481822186e-01
6.743479174308247366e+02,2.257801378736744580e-01
6.745820519291889923e+02,2.127285232161993667e-01
6.748161959175511129e+02,2.016922314102461700e-01
6.750503493930914374e+02,2.229011052286431760e-01
6.752845123529898501e+02,2.040914252811055485e-01
6.755186847944266901e+02,2.073303370067657303e-01
6.757528667145820691e+02,1.959581580588922178e-01
6.759870581106360987e+02,1.961500935685609737e-01
6.762212589797688906e+02,1.909678348075046772e-01
6.764554693191607839e+02,1.882807376721421788e-01
6.766896891259918903e+02,1.954543273460117581e-01
6.769239183974422076e+02,1.802914220821804081e-01
6.771581571306919614e+02,1.885686409366452987e-01
6.773924053229213769e+02,1.726859775115561213e-01
6.776266629713106795e+02,1.747013003630780159e-01
6.778609300730397536e+02,1.689672270117240638e-01
6.780952066252889381e+02,1.731418243470194129e-01
6.783294926252385721e+02,1.699748884374850111e-01
6.785637880700683127e+02,1.641688392700052790e-01
6.787980929569588397e+02,1.604260968314646374e-01
6.790324072830899240e+02,1.584827497960685228e-01
6.792667310456420182e+02,1.645527102893427907e-01
6.795010642417951203e+02,1.572111770445130674e-01
6.797354068687293420e+02,1.637369843732505992e-01
6.799697589236247950e+02,1.488379904352137850e-01
6.802041204036619320e+02,1.502775067577294121e-01
6.804384913060206372e+02,1.460309336063082830e-01
6.806728716278811362e+02,1.495817405351801965e-01
6.809072613664236542e+02,1.526767006285888184e-01
6.811416605188283029e+02,1.473025063578637661e-01
6.813760690822750803e+02,1.497736760448489524e-01
6.816104870539443255e+02,1.515970633867020911e-01
6.818449144310162637e+02,1.441355704483293643e-01
6.820793512106708931e+02,1.437037155515746845e-01
6.823137973900884390e+02,1.461748852385598707e-01
6.825482529664488993e+02,1.349946418003550863e-01
6.827827179369327268e+02,1.347067385358519664e-01
6.830171922987199196e+02,1.380656099550551241e-01
6.832516760489905892e+02,1.256137937652948844e-01
6.834861691849248473e+02,1.358103677164472778e-01
6.837206717037030330e+02,1.312518993618144447e-01
6.839551836025052580e+02,1.360023032261160336e-01
6.841897048785115203e+02,1.298843588554245976e-01
6.844242355289021589e+02,1.222309304073831288e-01
6.846587755508571718e+02,1.370819404680027609e-01
6.848933249415568980e+02,1.361462548583675936e-01
6.851278836981814493e+02,1.390252875033988755e-01
6.853624518179107099e+02,1.332672222133363393e-01
6.855970292979252463e+02,1.372498840389629327e-01
6.858316161354048290e+02,1.360262951648246454e-01
6.860662123275299109e+02,1.318037139521121004e-01
6.863008178714806036e+02,1.250859711137058128e-01
6.865354327644367913e+02,1.255418179491691044e-01
6.867700570035790406e+02,1.293325442651269419e-01
6.870046905860872357e+02,1.451192399353817275e-01
6.872393335091417157e+02,1.353785128196925980e-01
6.874739857699223649e+02,1.257817373362550284e-01
6.877086473656095222e+02,1.284208505942003586e-01
6.879433182933832995e+02,1.242222613201964254e-01
6.881779985504240358e+02,1.127541146174885350e-01
6.884126881339116153e+02,1.245341565234081571e-01
6.886473870410262634e+02,1.195678252107292144e-01
6.888820952689482056e+02,1.043569360694806686e-01
6.891168128148576670e+02,1.107147998272580564e-01
6.893515396759345322e+02,1.073079445306377167e-01
6.895862758493592537e+02,1.158970585883143389e-01
6.898210213323118296e+02,1.152492762431823053e-01
6.900557761219723716e+02,1.186801234785112430e-01
6.902905402155211050e+02,1.106428240111322764e-01
6.905253136101382552e+02,1.142416148174213580e-01
6.907600963030040475e+02,1.154652036915596591e-01
6.909948882912983663e+02,1.195678252107292144e-01
6.912296895722015506e+02,1.280369795748628747e-01
6.914645001428934847e+02,1.236944386686073677e-01
6.916993200005548488e+02,1.333152060907535352e-01
6.919341491423654134e+02,1.262855680491355159e-01
6.921689875655054038e+02,1.356184322067785497e-01
6.924038352671550456e+02,1.397450456646567030e-01
6.926386922444944503e+02,1.297883911005902058e-01
6.928735584947037296e+02,1.328833511939988277e-01
6.931084340149629952e+02,1.328833511939988277e-01
6.933433188024525862e+02,1.283008909006573828e-01
6.935782128543526142e+02,1.280849634522800429e-01
6.938131161678430772e+02,1.214871803074167173e-01
6.940480287401042006e+02,1.358823435325730578e-01
6.942829505683162097e+02,1.212232689816221953e-01
6.945178816496593299e+02,1.197357687816893723e-01
6.947528219813135593e+02,1.183922202140081092e-01
6.949877715604591231e+02,1.282768989619487987e-01
6.952227303842760193e+02,1.222549223460917267e-01
6.954576984499447008e+02,1.113865741110986879e-01
6.956926757546450517e+02,1.179843572559620135e-01
6.959276622955574112e+02,1.251339549911230087e-01
6.961626580698618909e+02,1.300283104876761575e-01
6.963976630747386025e+02,1.292605684490011619e-01
6.966326773073677714e+02,1.406327473968746744e-01
6.968677007649293955e+02,1.391692391356504355e-01
6.971027334446039276e+02,1.495577485964716125e-01
6.973377753435711384e+02,1.556037171510372685e-01
6.975728264590113668e+02,1.651525087570576422e-01
6.978078867881049518e+02,1.613377905023912207e-01
6.980429563280317780e+02,1.762127925017194230e-01
6.982780350759721841e+02,1.715823483309608100e-01
6.985131230291060547e+02,1.658962588570240537e-01
6.987482201846139560e+02,1.713184370051662742e-01
6.989833265396757724e+02,1.728779130212248771e-01
6.992184420914716156e+02,1.642408150861310590e-01
6.994535668371818247e+02,1.650325490635146664e-01
6.996887007739865112e+02,1.706946465987428385e-01
6.999238438990657869e+02,1.699748884374850111e-01
7.001589962095996498e+02,1.618176292765630964e-01
7.003941577027685526e+02,1.657523072247724938e-01
7.006293283757524932e+02,1.664480734473217094e-01
7.008645082257316972e+02,1.692551302762272114e-01
7.010996972498860487e+02,1.664000895699045135e-01
7.013348954453961142e+02,1.645527102893427907e-01
7.015701028094420053e+02,1.661121863054013936e-01
7.018053193392036064e+02,1.651765006957662263e-01
7.020405450318610292e+02,1.636170246797076233e-01
7.022757798845948400e+02,1.697589609891076712e-01
7.025110238945849233e+02,1.779402120887381977e-01
7.027462770590112768e+02,1.766446473984741306e-01
7.029815393750544672e+02,1.710065418019545425e-01
7.032168108398943787e+02,1.726859775115561213e-01
7.034520914507112366e+02,1.811791238143983795e-01
7.036873812046851526e+02,1.661361782441099777e-01
7.039226800989962385e+02,1.695670254794389153e-01
7.041579881308248332e+02,1.730218646534764371e-01
7.043933052973509348e+02,1.615537179507685606e-01
7.046286315957546549e+02,1.636410166184162351e-01
7.048639670232164463e+02,1.642887989635482549e-01
7.050993115769160795e+02,1.579789190831880630e-01
7.053346652540340074e+02,1.588186369379888385e-01
7.055700280517502279e+02,1.412805297420066941e-01
7.058053999672449663e+02,1.453111754450504833e-01
7.060407809976983344e+02,1.481422242126645694e-01
7.062761711402904439e+02,1.473744821739895461e-01
7.065115703922016337e+02,1.434637961644887327e-01
7.067469787506117882e+02,1.426720621871051531e-01
7.069823962127013601e+02,1.435597639193231245e-01
7.072178227756503475e+02,1.349946418003550863e-01
7.074532584366388619e+02,1.466307320740231346e-01
7.076887031928471288e+02,1.466547240127317464e-01
7.079241570414552598e+02,1.385934326066441680e-01
7.081596199796433666e+02,1.390732713808160714e-01
7.083950920045919020e+02,1.334831496617136792e-01
7.086305731134806365e+02,1.394331504614449713e-01
7.088660633034899092e+02,1.491498856384254890e-01
7.091015625717998319e+02,1.509732729802786277e-01
7.093370709155906297e+02,1.400809328065769910e-01
7.095725883320424145e+02,1.461748852385598707e-01
7.098081148183354117e+02,1.429839573903168570e-01
7.100436503716496190e+02,1.475184338062411060e-01
7.102791949891652621e+02,1.389293197485644837e-01
7.105147486680625661e+02,1.434877881031973446e-01
7.107503114055216429e+02,1.387133923001871438e-01
7.109858831987226040e+02,1.398650053581996511e-01
7.112214640448456748e+02,1.258057292749636402e-01
7.114570539410708534e+02,1.335071416004222633e-01
7.116926528845785924e+02,1.243422210137394013e-01
7.119282608725487762e+02,1.309879880360199089e-01
7.121638779021617438e+02,1.240063338718190855e-01
7.123995039705974932e+02,1.089873802402392955e-01
7.126351390750363635e+02,1.132099614529518267e-01
7.128707832126582389e+02,1.079557268757697641e-01
7.131064363806435722e+02,1.072119767758033526e-01
7.133420985761722477e+02,1.121063322723565014e-01
7.135777697964247182e+02,1.072839525919291326e-01
7.138134500385808678e+02,1.151293165496393434e-01
7.140491392998210358e+02,1.008061291406087689e-01
7.142848375773253338e+02,1.169287119527838842e-01
7.145205448682738734e+02,9.670350762143921364e-02
7.147562611698467663e+02,1.014779034244494005e-01
7.149919864792242379e+02,9.653556405047905575e-02
7.152277207935865135e+02,9.670350762143921364e-02
7.154634641101135912e+02,1.067801218790486589e-01
7.156992164259856963e+02,1.010460485276947068e-01
7.159349777383831679e+02,1.088914124854049176e-01
7.161707480444857765e+02,1.022936293405415920e-01
7.164065273414739750e+02,1.025095567889189457e-01
7.166423156265278749e+02,9.838294333104079248e-02
7.168781128968275880e+02,1.060363717790822474e-01
7.171139191495532259e+02,9.663153180531343367e-02
7.173497343818850140e+02,9.643959629564467784e-02
7.175855585910031778e+02,9.737528190527984517e-02
7.178213917740877150e+02,9.087346651525089747e-02
7.180572339283188512e+02,9.118536171846261529e-02
7.182930850508766980e+02,9.617568496985015591e-02
7.185289451389414808e+02,9.065753906687354369e-02
7.187648141896934249e+02,9.535995905375795056e-02
7.190006922003125283e+02,8.499544153164538540e-02
7.192365791679790163e+02,8.453959469618210765e-02
7.194724750898730008e+02,9.641560435693609377e-02
7.197083799631747070e+02,8.684282081220712213e-02
7.199442937850642465e+02,8.708274019929305998e-02
7.201802165527218449e+02,8.290814286399771083e-02
7.204161482633276137e+02,8.643495785416102639e-02
7.206520889140615509e+02,8.322003806720944252e-02
7.208880385021041093e+02,9.982245965355641959e-02
7.211239970246351731e+02,8.269221541562037092e-02
7.213599644788350815e+02,8.847427264439150507e-02
7.215959408618839461e+02,8.518737704131414123e-02
7.218319261709618786e+02,7.633435165784298315e-02
7.220679204032491043e+02,7.563858543529376754e-02
7.223039235559257349e+02,8.535532061227429912e-02
7.225399356261718822e+02,7.484685145791016014e-02
7.227759566111677714e+02,8.086882807376723215e-02
7.230119865080935142e+02,7.439100462244688239e-02
7.232480253141293360e+02,7.314342380959999723e-02
7.234840730264552349e+02,8.389181235105007406e-02
7.237201296422515497e+02,7.064826218390622692e-02
7.239561951586983923e+02,8.221237664144849522e-02
7.241922695729758743e+02,8.595511907998913681e-02
7.244283528822642211e+02,8.809040162505400728e-02
7.246644450837434306e+02,9.288878936677277820e-02
7.249005461745938419e+02,9.492810415700327076e-02
7.251366561519954530e+02,1.010700404664033047e-01
7.253727750131286030e+02,8.914604692823213661e-02
7.256089027551731760e+02,9.420834599574544332e-02
7.258450393753096250e+02,8.427568337038757185e-02
7.260811848707179479e+02,8.984181315078135222e-02
7.263173392385783700e+02,8.677084499608134216e-02
7.265535024760708893e+02,8.701076438316728001e-02
7.267896745803758449e+02,8.852225652180868709e-02
7.270258555486734622e+02,9.226499896034934256e-02
7.272620453781436254e+02,7.842165032549065773e-02
7.274982440659665599e+02,8.964987764111261026e-02
7.277344516093226048e+02,7.621439196430002117e-02
7.279706680053917580e+02,9.312870875385871605e-02
7.282068932513542450e+02,7.477487564178438018e-02
7.284431273443901773e+02,1.027494761760048836e-01
7.286793702816796667e+02,8.437165112522194976e-02
7.289156220604030523e+02,7.966923113833754289e-02
7.291518826777402182e+02,8.693878856704150004e-02
7.293881521308715037e+02,7.357527870635469092e-02
7.296244304169771340e+02,8.713072407671024200e-02
7.298607175332371071e+02,8.607507877353211267e-02
7.300970134768316484e+02,8.571519969290319896e-02
7.303333182449407559e+02,8.653092560899540431e-02
7.305696318347448823e+02,9.128132947329699320e-02
7.308059542434240257e+02,8.446761888005632768e-02
7.310422854681582976e+02,9.092145039266807949e-02
7.312786255061279235e+02,9.540794293117514646e-02
7.315149743545130150e+02,1.029174197469650415e-01
7.317513320104937975e+02,8.761056285088211770e-02
7.319876984712503827e+02,8.679483693478992623e-02
7.322240737339628822e+02,1.009500807728603428e-01
7.324604577958115215e+02,8.876217590889462494e-02
7.326968506539764121e+02,8.962588570240401231e-02
7.329332523056376658e+02,8.952991794756963440e-02
7.331696627479756216e+02,1.027974600534220656e-01
7.334060819781702776e+02,9.312870875385871605e-02
7.336425099934018590e+02,9.648758017306187373e-02
7.338789467908503639e+02,8.643495785416102639e-02
7.341153923676961313e+02,8.422769949297037595e-02
7.343518467211192728e+02,9.651157211177045780e-02
7.345883098482999003e+02,9.567185425696968226e-02
7.348247817464182390e+02,8.828233713472274924e-02
7.350612624126544006e+02,8.775451448313369152e-02
7.352977518441884968e+02,8.691479662833290210e-02
7.355342500382007529e+02,8.816237744117978725e-02
7.357707569918713943e+02,8.535532061227429912e-02
7.360072727023804191e+02,8.674685305737274421e-02
7.362437971669080525e+02,8.794644999280243347e-02
7.364803303826344063e+02,7.750995665456408834e-02
7.367168723467397058e+02,7.187185105804451413e-02
7.369534230564041764e+02,9.200108763455480676e-02
7.371899825088077023e+02,7.796580349002736610e-02
7.374265507011307363e+02,8.425169143167897390e-02
7.376631276305532765e+02,8.696278050575008411e-02
7.378997132942556618e+02,9.216903120551496464e-02
7.381363076894176629e+02,8.629100622190945258e-02
7.383729108132197325e+02,8.226036051886567724e-02
7.386095226628420960e+02,8.737064346379617985e-02
7.388461432354647513e+02,7.319140768701717925e-02
7.390827725282676965e+02,7.403112554181796867e-02
7.393194105384314980e+02,7.551862574175079168e-02
7.395560572631360401e+02,7.266358503542812153e-02
7.397927126995614344e+02,7.947729562866878705e-02
7.400293768448880201e+02,7.458294013211562434e-02
7.402660496962957950e+02,8.362790102525553826e-02
7.405027312509650983e+02,7.487084339661875809e-02
7.407394215060759279e+02,7.191983493546171002e-02
7.409761204588083956e+02,7.429503686761250447e-02
7.412128281063428403e+02,7.710209369651799260e-02
7.414495444458592601e+02,7.213576238383904993e-02
7.416862694745379940e+02,7.918939236416566718e-02
7.419230031895589264e+02,7.842165032549065773e-02
7.421597455881023961e+02,6.767326178404058090e-02
7.423964966673486288e+02,7.966923113833754289e-02
7.426332564244776222e+02,6.815310055821245661e-02
7.428700248566694881e+02,6.848898770013277237e-02
7.431068019611045656e+02,7.607044033204844735e-02
7.433435877349629664e+02,6.606580189056479591e-02
7.435803821754248020e+02,9.219302314422356259e-02
7.438171852796701842e+02,7.141600422258123637e-02
7.440539970448793383e+02,7.098414932582654269e-02
7.442908174682323761e+02,7.314342380959999723e-02
7.445276465469095228e+02,6.534604372930696847e-02
7.447644842780908903e+02,6.743334239695464305e-02
7.450013306589567037e+02,6.872890708721871023e-02
7.452381856866869612e+02,6.491418883255228867e-02
7.454750493584618880e+02,7.815773899969612193e-02
7.457119216714617096e+02,6.625773740023353786e-02
7.459488026228664239e+02,5.872426864573505878e-02
7.461856922098564837e+02,6.388253546808274341e-02
7.464225904296116596e+02,6.148334159722335795e-02
7.466594972793124043e+02,6.249100302298429832e-02
7.468964127561388295e+02,6.455430975192337495e-02
7.471333368572709333e+02,5.039906591385297230e-02
7.473702695798890545e+02,5.215047743958032417e-02
7.476072109211731913e+02,5.337406631371861138e-02
7.478441608783036827e+02,4.572063786567715643e-02
7.480811194484605267e+02,4.761600102365607518e-02
7.483180866288238349e+02,5.745269589417957568e-02
7.485550624165740601e+02,5.147870315573969263e-02
7.487920468088909729e+02,4.934342061067483604e-02
7.490290398029550261e+02,4.869563826554280245e-02
7.492660413959462176e+02,5.078293693319047009e-02
7.495030515850447728e+02,4.816781561395373779e-02
7.497400703674308033e+02,5.080692887189906803e-02
7.499770977402844210e+02,4.871963020425139346e-02
7.502141337007859647e+02,4.804785592041076886e-02
7.504511782461154326e+02,6.061963180371397752e-02
7.506882313734529362e+02,5.203051774603735524e-02
7.509252930799788146e+02,6.033172853921085071e-02
7.511623633628730659e+02,4.432910542057871134e-02
7.513994422193159153e+02,4.572063786567715643e-02
7.516365296464875883e+02,5.008717071064124754e-02
7.518736256415680828e+02,6.157930935205772893e-02
7.521107302017376242e+02,4.936741254938343398e-02
7.523478433241764378e+02,5.195854192991157527e-02
7.525849650060645217e+02,4.699221061723263260e-02
7.528220952445822149e+02,4.598454919147169223e-02
7.530592340369096291e+02,5.541338110394909700e-02
7.532963813802267623e+02,5.174261448153422843e-02
7.535335372717139535e+02,5.507749396202878123e-02
7.537707017085513144e+02,3.777930615313257467e-02
7.540078746879188429e+02,4.332144399481776403e-02
7.542450562069969919e+02,4.471297643991620913e-02
7.544822462629656457e+02,4.334543593352636198e-02
7.547194448530051432e+02,4.675229123014669474e-02
7.549566519742955961e+02,4.840773500103967564e-02
7.551938676240171162e+02,5.191055805249438632e-02
7.554310917993497014e+02,3.897890308856227087e-02
7.556683244974738045e+02,4.924745285584045812e-02
7.559055657155695371e+02,4.783192847203342202e-02
7.561428154508168973e+02,4.485692807216777600e-02
7.563800737003961103e+02,4.572063786567715643e-02
7.566173404614874016e+02,6.217910781977258050e-02
7.568546157312707692e+02,4.430511348187011339e-02
7.570918995069265520e+02,5.337406631371861138e-02
7.573291917856347482e+02,5.553334079749206592e-02
7.575664925645756966e+02,5.361398570080455617e-02
7.578038018409293954e+02,5.836438956510614506e-02
7.580411196118759563e+02,5.481358263623424543e-02
7.582784458745957181e+02,5.625309895874988642e-02
7.585157806262687927e+02,5.526942947169753012e-02
7.587531238640752917e+02,4.053837910462087385e-02
7.589904755851952132e+02,4.478495225604199603e-02
7.592278357868090097e+02,6.095551894563428635e-02
7.594652044660965657e+02,4.771196877849045309e-02
7.597025816202383339e+02,5.884422833927802771e-02
7.599399672464141986e+02,5.906015578765536761e-02
7.601773613418043851e+02,4.891156571392014929e-02
7.604147639035892325e+02,5.128676764607094374e-02
7.606521749289486252e+02,4.819180755266232880e-02
7.608895944150629020e+02,5.265430815246079782e-02
7.611270223591120612e+02,4.891156571392014929e-02
7.613644587582764416e+02,4.442507317541308232e-02
7.616019036097361550e+02,5.186257417507719736e-02
7.618393569106713130e+02,6.894483453559606401e-02
7.620768186582619137e+02,5.265430815246079782e-02
7.623142888496884098e+02,4.919946897842327610e-02
7.625517674821309129e+02,4.099422594008415854e-02
7.627892545527693073e+02,4.891156571392014929e-02
7.630267500587840459e+02,4.483293613345918499e-02
7.632642539973551266e+02,5.550934885878347491e-02
7.635017663656626610e+02,5.075894499448187908e-02
7.637392871608869882e+02,4.437708929799590030e-02
7.639768163802081062e+02,5.207850162345454420e-02
7.642143540208063541e+02,5.807648630060301825e-02
7.644519000798617299e+02,5.138273540090532165e-02
7.646894545545543451e+02,5.747668783288817362e-02
7.649270174420645390e+02,4.159402440779900317e-02
7.651645887395723094e+02,4.814382367524513984e-02
7.654021684442578817e+02,6.395451128420852338e-02
7.656397565533013676e+02,5.423777610722799181e-02
7.658773530638829925e+02,5.654100222325301323e-02
7.661149579731827544e+02,5.591721181682957065e-02
7.663525712783811059e+02,5.263031621375219987e-02
7.665901929766579315e+02,4.641640408822637898e-02
7.668278230651934564e+02,4.061035492074665382e-02
7.670654615411680197e+02,4.068233073687243379e-02
7.673031084017613921e+02,4.473696837862480707e-02
7.675407636441541399e+02,4.907950928488030717e-02
7.677784272655261475e+02,3.897890308856227087e-02
7.680160992630576402e+02,3.504422514035286651e-02
7.682537796339288434e+02,3.331680555333410565e-02
7.684914683753198688e+02,4.377729083028104873e-02
7.687291654844108280e+02,2.626317557300749533e-02
7.689668709583819464e+02,4.941539642680061600e-02
7.692045847944133357e+02,2.969402280833642604e-02
7.694423069896852212e+02,3.770733033700678777e-02
7.696800375413774873e+02,3.789926584667554360e-02
7.699177764466707004e+02,3.115753106956065457e-02
7.701555237027447447e+02,2.923817597287314135e-02
7.703932793067799594e+02,2.988595831800517494e-02
7.706310432559562287e+02,3.043777290830283755e-02
7.708688155474540054e+02,2.883031301482704561e-02
7.711065961784532874e+02,2.590329649237858856e-02
7.713443851461341865e+02,4.888757377521155134e-02
7.715821824476770416e+02,3.226116025015597633e-02
7.718199880802618509e+02,3.254906351465910314e-02
7.720578020410688396e+02,3.250107963724191418e-02
7.722956243272780057e+02,3.449241055005520390e-02
7.725334549360698020e+02,3.252507157595050519e-02
7.727712938646241128e+02,2.372003006989654300e-02
7.730091411101211634e+02,2.304825578605591146e-02
7.732469966697412929e+02,3.550007197581615120e-02
7.734848605406643856e+02,3.617184625965678274e-02
7.737227327200707805e+02,3.264503126949347411e-02
7.739606132051405893e+02,3.120551494697784006e-02
7.741985019930540375e+02,2.731882087618562813e-02
7.744363990809910092e+02,3.571599942419349805e-02
7.746743044661319573e+02,3.509220901777005547e-02
7.749122181456568796e+02,2.180067497320902978e-02
7.751501401167461154e+02,3.053374066313721200e-02
7.753880703765795488e+02,3.206922474048722049e-02
7.756260089223375189e+02,3.648374146286850056e-02
7.758639557512002511e+02,1.913756977655510505e-02
7.761019108603476298e+02,2.748676444714578601e-02
7.763398742469599938e+02,2.933414372770751580e-02
7.765778459082175686e+02,2.321619935701606935e-02
7.768158258413002386e+02,3.012587770509111626e-02
7.770538140433885701e+02,2.566337710529264723e-02
7.772918105116623337e+02,2.431982853761138763e-02
7.775298152433018686e+02,2.453575598598873447e-02
7.777678282354872863e+02,1.980934406039573312e-02
7.780058494853988122e+02,3.022184545992549071e-02
7.782438789902165581e+02,2.096095711840824036e-02
7.784819167471206356e+02,1.364341581228709945e-02
7.787199627532911563e+02,1.748212600566212416e-02
7.789580170059084594e+02,1.376337550583006837e-02
7.791960795021525428e+02,1.976136018297854763e-02
7.794341502392036318e+02,1.045248796404410832e-02
7.796722292142418382e+02,1.769805345403947100e-02
7.799103164244473874e+02,2.014523120231604889e-02
7.801484118670003909e+02,1.481902080900820116e-02
7.803865155390809605e+02,1.402728683162460244e-02
7.806246274378693215e+02,1.395531101549882073e-02
7.808627475605456993e+02,1.417123846387616584e-02
7.811008759042899783e+02,1.412325458645897688e-02
7.813390124662826111e+02,1.978535212168713864e-02
7.815771572437037094e+02,2.259240895059262677e-02
7.818153102337331575e+02,1.892164232817775821e-02
7.820534714335514082e+02,2.367204619247935404e-02
7.822916408403385731e+02,2.103293293453402379e-02
7.825298184512747639e+02,3.271700708561925408e-02
7.827680042635399786e+02,3.115753106956065457e-02
7.830061982743146700e+02,1.613857743798086455e-02
7.832444004807787223e+02,2.160873946354027741e-02
7.834826108801124747e+02,1.429119815741913477e-02
7.837208294694960387e+02,2.755874026327156598e-02
7.839590562461095260e+02,2.014523120231604889e-02
7.841972912071331621e+02,2.707890148909969028e-02
7.844355343497470585e+02,6.157930935205798914e-03
7.846737856711313270e+02,2.360007037635357061e-02
7.849120451684661930e+02,1.755410182178790759e-02
7.851503128389318817e+02,2.357607843764497960e-02
7.853885886797082776e+02,9.732729802786291295e-03
7.856268726879758333e+02,1.357143999616131774e-02
7.858651648609145468e+02,7.717406951264403625e-03
7.861034651957046435e+02,1.366740775099569392e-02
7.863417736895262351e+02,1.587466611218633222e-02
7.865800903395595469e+02,1.117224612530192708e-02
7.868184151429845770e+02,1.381135938324725733e-02
7.870567480969816643e+02,1.349946418003553604e-02
7.872950891987308069e+02,5.678092161033921476e-03
7.875334384454123438e+02,5.150269509444855079e-03
7.877717958342062730e+02,1.944946497976682634e-02
7.880101613622928198e+02,1.388333519937303903e-02
7.882485350268522097e+02,1.229986724460583984e-02
7.884869168250643270e+02,5.558132467490951682e-03
7.887253067541096243e+02,2.259240895059262677e-02
7.889637048111680997e+02,1.597063386702071014e-02
7.892021109934200922e+02,1.400329489291600796e-02
7.894405252980454861e+02,1.383535132195585007e-02
7.896789477222246205e+02,6.397850322291738501e-03
7.899173782631376071e+02,1.076438316725582961e-02
7.901558169179645574e+02,1.021256857695817047e-02
7.903942636838856970e+02,1.402728683162460244e-02
7.906327185580811374e+02,1.546680315414023649e-02
7.908711815377311041e+02,3.446841861134687397e-03
7.911096526200157086e+02,2.124886038291136717e-02
7.913481318021150628e+02,1.390732713808163178e-02
7.915866190812092782e+02,1.438716591225351095e-02
7.918251144544786939e+02,1.045248796404410832e-02
7.920636179191033079e+02,2.657507077621921662e-02
7.923021294722633456e+02,1.556277090897461267e-02
7.925406491111390324e+02,1.381135938324725733e-02
7.927791768329103661e+02,1.364341581228709945e-02
7.930177126347575722e+02,5.438172773947981889e-03
7.932562565138608761e+02,1.138817357367927219e-02
7.934948084674002757e+02,7.909342460933154254e-03
7.937333684925561101e+02,4.432910542057871134e-02
7.939719365865083773e+02,1.971337630556135867e-02
7.942105127464373027e+02,2.180067497320902978e-02
7.944490969695231115e+02,2.117688456678558720e-02
7.946876892529458019e+02,1.040450408662692110e-02
7.949262895938857127e+02,1.990531181523011103e-02
7.951648979895228422e+02,1.964140048943557523e-02
7.954035144370374155e+02,2.009724732489885993e-02
7.956421389336095444e+02,6.157930935206060857e-04
7.958807714764194543e+02,2.779865965035750730e-02
7.961194120626472568e+02,2.086498936357386591e-02
7.963580606894731773e+02,1.848978743142306799e-02
7.965967173540772137e+02,1.868172294109182036e-02
7.968353820536397052e+02,1.736216631211915523e-02
7.970740547853407634e+02,1.726619855728478078e-02
7.973127355463603863e+02,2.803857903744344515e-02
7.975514243338789129e+02,1.892164232817775821e-02
7.977901211450764549e+02,1.167607683818239900e-02
7.980288259771331241e+02,1.611458549927227354e-02
7.982675388272291457e+02,1.503494825738554627e-02
7.985062596925445177e+02,1.719422274115899735e-02
7.987449885702595793e+02,2.463172374082310892e-02
7.989837254575544421e+02,1.546680315414023649e-02
7.992224703516092177e+02,1.846579549271447351e-02
7.994612232496041315e+02,1.074039122854723687e-02
7.996999841487191816e+02,1.911357783784651057e-02
7.999387530461347069e+02,1.424321428000194754e-02
8.001775299390307055e+02,1.705027110890743394e-02
8.004163148245875163e+02,2.407990915052544978e-02
8.006551076999851375e+02,1.337950448649256538e-02
8.008939085624037943e+02,2.731882087618562813e-02
8.011327174090235985e+02,1.642648070248399136e-02
8.013715342370247754e+02,1.798595671854259781e-02
8.016103590435874366e+02,1.959341661201838974e-02
8.018491918258918076e+02,1.090833479950739301e-02
8.020880325811178864e+02,1.589865805089492670e-02
8.023268813064460119e+02,1.918555365397229401e-02
8.025657379990561822e+02,1.913756977655510505e-02
8.028046026561286226e+02,2.170470721837465186e-02
8.030434752748435585e+02,1.297164152844646964e-02
8.032823558523809879e+02,1.090833479950739301e-02
8.035212443859212499e+02,1.772204539274806548e-02
8.037601408726443424e+02,1.337950448649256538e-02
8.039990453097304908e+02,1.954543273460120079e-02
8.042379576943599204e+02,1.467506917675663776e-02
8.044768780237125156e+02,1.390732713808163178e-02
8.047158062949687292e+02,1.489099662513398287e-02
8.049547425053086727e+02,1.815390028950275569e-02
8.051936866519124578e+02,1.661841621215274373e-02
8.054326387319601963e+02,1.189200428655974411e-02
8.056715987426321135e+02,1.589865805089492670e-02
8.059105666811082074e+02,1.345148030261834708e-02
8.061495425445689307e+02,1.824986804433713014e-02
8.063885263301941677e+02,2.136882007645433956e-02
8.066275180351641438e+02,1.390732713808163178e-02
8.068665176566590844e+02,1.263575438652615561e-02
8.071055251918591011e+02,1.100430255434176920e-02
8.073445406379443057e+02,1.412325458645897688e-02
8.075835639920950371e+02,2.182466691191762079e-02
8.078225952514911796e+02,2.117688456678558720e-02
8.080616344133130724e+02,2.506357863757779914e-02
8.083006814747407134e+02,1.501095631867695179e-02
8.085397364329545553e+02,2.057708609907073910e-02
8.087787992851344825e+02,1.184402040914255515e-02
8.090178700284606066e+02,1.940148110234963738e-02
8.092569486601133804e+02,1.568273060251757986e-02
8.094960351772728018e+02,1.702627917019883946e-02
8.097351295771189825e+02,1.438716591225351095e-02
8.099742318568320343e+02,2.676700628588796899e-02
8.102133420135922961e+02,1.330752867036678368e-02
8.104524600445797660e+02,1.390732713808163178e-02
8.106915859469746692e+02,2.204059436029496763e-02
8.109307197179570039e+02,2.348011068281060168e-02
8.111698613547073364e+02,1.781801314758243993e-02
8.114090108544054374e+02,2.019321507973323784e-02
8.116481682142314185e+02,8.077286031893312138e-03
8.118873334313657324e+02,1.714623886374180839e-02
8.121265065029884909e+02,6.925672973880804030e-03
8.123656874262795782e+02,1.448313366708788540e-02
8.126048761984194471e+02,1.630652100894102244e-02
8.128440728165882092e+02,1.786599702499962888e-02
8.130832772779657489e+02,1.858575518625744591e-02
8.133224895797325189e+02,1.549079509284883097e-02
8.135617097190686309e+02,1.673837590569571265e-02
8.138009376931540828e+02,1.030853633179254492e-02
8.140401734991692138e+02,1.563474672510039437e-02
8.142794171342941354e+02,8.461157051230815129e-03
8.145186685957088457e+02,1.604260968314649011e-02
8.147579278805936838e+02,2.643111914396765322e-02
8.149971949861287612e+02,1.460309336063085606e-02
8.152364699094941898e+02,8.029302154476124914e-03
8.154757526478701948e+02,1.784200508629103440e-02
8.157150431984368879e+02,1.227587530589724710e-02
8.159543415583743808e+02,9.252891028614413857e-03
8.161936477248630126e+02,1.585067417347773774e-02
8.164329616950826676e+02,1.400329489291600796e-02
8.166722834662135710e+02,9.228899089905819378e-03
8.169116130354360621e+02,7.813374706098779807e-03
8.171509503999302524e+02,5.942003486828453807e-03
8.173902955568760262e+02,5.198253386862043170e-03
8.176296485034539501e+02,1.839381967658895462e-03
8.178690092368437945e+02,3.566801554677657190e-03
8.181083777542258986e+02,4.838374306233134657e-03
8.183477540527806013e+02,7.021640728715180212e-03
8.185871381296876734e+02,6.901681035172210418e-03
8.188265299821275676e+02,7.093616544840961914e-03
8.190659296072802817e+02,7.501479502887058518e-03
8.193053370023260413e+02,1.122023000271911430e-02
8.195447521644449580e+02,9.924665312455043659e-03
8.197841750908172571e+02,2.674301434717937451e-02
8.200236057786230504e+02,2.583132067625306533e-03
8.202630442250425631e+02,1.477103693159101221e-02
8.205024904272557933e+02,6.613777770669083608e-03
8.207419443824430800e+02,2.026519089585901781e-02
8.209814060877843076e+02,5.965995425537048286e-03
8.212208755404600424e+02,3.734745125637814207e-03
8.214603527376500551e+02,8.269221541562062766e-03
8.216998376765346848e+02,6.037971241662829988e-03
8.219393303542940430e+02,9.324866844740195559e-03
8.221788307681084689e+02,5.965995425537048286e-03
8.224183389151577330e+02,1.018857663824957599e-02
8.226578547926222882e+02,9.396842660865977262e-03
8.228973783976823597e+02,4.982325938484698062e-03
8.231369097275178319e+02,1.249180275427459220e-02
8.233764487793089302e+02,1.201196398010271303e-02
8.236159955502358798e+02,7.741398889972997237e-03
8.238555500374789062e+02,6.325874506165956798e-03
8.240951122382180074e+02,9.372850722157382783e-03
8.243346821496335224e+02,2.799059516002914017e-04
8.245742597689053355e+02,4.677628316885528575e-02
8.248138450932138994e+02,2.751075638585463983e-03
8.250534381197392122e+02,1.791398090241707805e-03
8.252930388456613855e+02,1.095631867692458197e-02
8.255326472681607584e+02,7.693415012555809146e-03
8.257722633844173288e+02,7.237568177092525319e-03
8.260118871916112084e+02,1.047647990275296518e-03
8.262515186869226227e+02,5.989987364245641897e-03
8.264911578675319106e+02,1.316357703811522027e-02
8.267308047306189565e+02,9.756721741495148151e-04
8.269704592733640993e+02,5.630108283616733385e-03
8.272101214929473372e+02,-6.557796580348710562e-04
8.274497913865488954e+02,7.909342460933154254e-03
8.276894689513491130e+02,-1.279570064458050932e-04
8.279291541845277607e+02,3.086962780505778884e-03
8.281688470832652911e+02,2.295228803122179723e-03
8.284085476447418159e+02,-3.918683322403642907e-03
8.286482558661374469e+02,1.311559316069829499e-03
8.288879717446322957e+02,-3.438844548231502550e-04
8.291276952774067013e+02,7.597447257721433832e-03
8.293674264616404344e+02,1.047647990275270280e-02
8.296071652945140613e+02,8.077286031893312138e-03
8.298469117732075802e+02,-4.182594648198176106e-03
8.300866658949012162e+02,6.685753586794865311e-03
8.303264276567749675e+02,-5.358199644919015882e-04
8.305661970560090595e+02,5.534140528782358071e-03
8.308059740897837173e+02,8.749060315733941939e-03
8.310457587552790528e+02,5.510148590073763591e-03
8.312855510496751776e+02,1.743414212824519931e-03
8.315253509701522034e+02,1.551478703155768652e-03
8.317651585138905830e+02,8.773052254442534684e-03
8.320049736780700869e+02,1.179603653172536792e-02
8.322447964598711678e+02,6.757729402920647013e-03
8.324846268564737102e+02,1.066841541242145516e-02
8.327244648650581667e+02,1.623454519281550355e-03
8.329643104828044216e+02,8.964987764111287047e-03
8.332041637068928139e+02,7.237568177092525319e-03
8.334440245345034555e+02,3.494825738551875487e-03
8.336838929628164578e+02,8.197245725436281064e-03
8.339237689890119327e+02,-3.822715567569267160e-03
8.341636526102702192e+02,1.671438396698738229e-03
8.344035438237713151e+02,1.270773020265193731e-02
8.346434426266954461e+02,2.295228803122179723e-03
8.348833490162227235e+02,9.924665312455043659e-03
8.351232629895332593e+02,-3.486828425648952259e-03
8.353631845438073924e+02,1.887365845076083336e-03
8.356031136762251208e+02,1.086035092209020579e-02
8.358430503839665562e+02,8.797044193151129163e-03
8.360829946642120376e+02,6.661761648086271699e-03
8.363229465141415631e+02,6.877689096463616807e-03
8.365629059309354716e+02,5.054301754610479765e-03
8.368028729117736475e+02,9.804705618912072998e-03
8.370428474538364298e+02,7.837366644807635362e-04
8.372828295543039303e+02,3.158938596631560587e-03
8.375228192103563742e+02,2.511156251499524830e-03
8.377628164191738733e+02,6.061963180371423600e-03
8.380028211779364256e+02,2.199261048287803975e-03
8.382428334838244837e+02,1.551478703155768652e-03
8.384828533340179320e+02,3.494825738551875487e-03
8.387228807256971095e+02,1.359543193487279154e-04
8.389629156560420142e+02,1.093232673821598749e-02
8.392029581222329853e+02,3.398857983717499739e-03
8.394430081214501342e+02,4.214583899809692946e-03
8.396830656508734592e+02,1.182002847043396240e-02
8.399231307076832991e+02,1.647446457990144183e-03
8.401632032890597657e+02,5.342205019113606575e-03
8.404032833921828569e+02,1.215591561235453968e-03
8.406433710142329119e+02,6.493818077126113815e-03
8.408834661523900422e+02,1.239583499944047797e-03
8.411235688038344733e+02,-2.119287919259099477e-03
8.413636789657460895e+02,-9.244893715711490628e-03
8.416037966353054571e+02,-6.029973928759906759e-03
8.418439218096924606e+02,2.967003086962809091e-03
8.420840544860872114e+02,8.653092560899565758e-03
8.423241946616699352e+02,3.038978903088591227e-03
8.425643423336209707e+02,5.078293693319073376e-03
8.428044974991202025e+02,6.181922873914393393e-03
8.430446601553479695e+02,6.997648790006585733e-03
8.432848302994843834e+02,-5.310215767502089734e-03
8.435250079287095559e+02,9.420834599574571741e-03
8.437651930402035987e+02,-9.436829225379979747e-04
8.440053856311468508e+02,6.949664912589398509e-03
8.442455856987191964e+02,8.125269909310499361e-03
8.444857932401010885e+02,1.220389948977146539e-02
8.447260082524725249e+02,8.605108683482378534e-03
8.449662307330136173e+02,-5.262231890084901643e-03
8.452064606789045911e+02,4.958333999776366177e-04
8.454466980873255579e+02,-1.927352409590348415e-03
8.456869429554567432e+02,8.173253786727688319e-03
8.459271952804783723e+02,-4.614449544952866321e-03
8.461674550595703295e+02,1.263575438652641625e-03
8.464077222899130675e+02,1.186801234785114963e-02
8.466479969686864706e+02,1.198797204139411855e-02
8.468882790930709916e+02,6.949664912589398509e-03
8.471285686602466285e+02,3.014986964379997181e-03
8.473688656673934929e+02,6.277890628748768707e-03
8.476091701116916965e+02,2.990995025671403136e-03
8.478494819903215785e+02,5.078293693319073376e-03
8.480898013004632503e+02,4.406519409478443575e-03
8.483301280392967101e+02,4.910350122358916360e-03
8.485704622040024105e+02,9.948657251163636403e-03
8.488108037917601223e+02,6.037971241662829988e-03
8.490511527997502981e+02,-4.278562403032551420e-03
8.492915092251529359e+02,1.911357783784677165e-03
8.495318730651482610e+02,6.349866444874550410e-03
8.497722443169164990e+02,2.199261048287803975e-03
8.500126229776377613e+02,1.539482733801445478e-02
8.502530090444920461e+02,-2.575134754722383738e-03
8.504934025146596923e+02,6.853697157755022328e-03
8.507338033853208117e+02,2.559140128916974647e-04
8.509742116536555159e+02,8.725068377025347460e-03
8.512146273168439166e+02,1.537083539930586031e-02
8.514550503720663528e+02,6.469826138417520203e-03
8.516954808165029362e+02,-4.206586586906769717e-03
8.519359186473335512e+02,8.341197357687844469e-03
8.521763638617387642e+02,6.037971241662829988e-03
8.524168164568984594e+02,-6.557796580348973156e-03
8.526572764299927485e+02,9.516802354409208782e-04
8.528977437782020843e+02,8.797044193154009563e-05
8.531382184987063511e+02,8.940995825402692568e-03
8.533787005886857742e+02,-2.959005774059886296e-03
8.536191900453205790e+02,2.799059516002914017e-04
8.538596868657907635e+02,-2.071304041841911820e-03
8.541001910472766667e+02,4.142608083683911244e-03
8.543407025869584004e+02,2.583132067625306533e-03
8.545812214820159625e+02,9.132931335071444931e-03
8.548217477296298057e+02,6.109947057788611691e-03
8.550622813269798144e+02,3.878696757889378045e-03
8.553028222712463275e+02,2.631115945042494624e-03
8.555433705596093432e+02,6.277890628748768707e-03
8.557839261892492004e+02,8.341197357687844469e-03
8.560244891573457835e+02,-2.815054141808322891e-03
8.562650594610794315e+02,6.397850322294618575e-05
8.565056370976303697e+02,-5.046304441707556536e-03
8.567462220641785962e+02,8.413173173813626171e-03
8.569868143579043362e+02,3.398857983717499739e-03
8.572274139759878153e+02,1.021256857695817047e-02
8.574680209156091450e+02,3.494825738551875487e-03
8.577086351739484371e+02,4.862366244941728269e-03
8.579492567481858032e+02,7.309543993218307022e-03
8.581898856355014686e+02,-2.239247612802069270e-03
8.584305218330756588e+02,2.990995025671403136e-03
8.586711653380883718e+02,2.943011148254215479e-03
8.589118161477198328e+02,2.559140128916974647e-04
8.591524742591502672e+02,-3.198925161145563722e-04
8.593931396695597869e+02,7.069624606132368302e-03
8.596338123761283896e+02,2.439180435373743128e-03
8.598744923760365282e+02,-3.150941283728637791e-03
8.601151796664642006e+02,-7.997312902861727349e-05
8.603558742445916323e+02,-2.431183122470820333e-03
8.605965761075987075e+02,5.222245325570636781e-03
8.608372852526659926e+02,5.726076038451108699e-03
8.610780016769733720e+02,5.558132467490951682e-03
8.613187253777010710e+02,-1.519489451544251812e-03
8.615594563520292013e+02,1.143615745109645941e-02
8.618001945971379882e+02,4.118616144975316765e-03
8.620409401102075435e+02,5.294221141696418484e-03
8.622816928884180925e+02,-1.975336287007536072e-03
8.625224529289497468e+02,3.518817677260731042e-04
8.627632202289826182e+02,1.479502887029960669e-02
8.630039947856969320e+02,-3.870699444986454817e-03
8.632447765962727999e+02,-2.695094448265353531e-03
8.634855656578904473e+02,2.799059516002652074e-03
8.637263619677298720e+02,1.179603653172536792e-02
8.639671655229714133e+02,1.107627837046755090e-02
8.642079763207950691e+02,3.470833799843281442e-03
8.644487943583811784e+02,9.324866844740195559e-03
8.646896196329097393e+02,-2.839046080516916936e-03
8.649304521415608633e+02,-9.196909838294041462e-04
8.651712918815148896e+02,2.439180435373743128e-03
8.654121388499519298e+02,-6.293885254554439958e-03
8.656529930440520957e+02,-4.446505973992708437e-03
8.658938544609954988e+02,7.429503686761276815e-03
8.661347230979623646e+02,-2.551142816013790126e-03
8.663755989521328047e+02,-1.591465267670033514e-03
8.666164820206870445e+02,2.799059516002652074e-03
8.668573723008051957e+02,-4.518481790118491007e-03
8.670982697896673699e+02,-6.893683722269288057e-03
8.673391744844536788e+02,-1.375537819292688407e-03
8.675800863823444615e+02,7.837366644807635362e-04
8.678210054805197160e+02,-1.759408838629929130e-04
8.680619317761596676e+02,-8.453159738327891901e-03
8.683028652664445417e+02,-3.438844548231764602e-03
8.685438059485544500e+02,6.829705219046428716e-03
8.687847538196693904e+02,3.350874106300311649e-03
8.690257088769697020e+02,4.382527470769849963e-03
8.692666711176353829e+02,6.421842261000332112e-03
8.695076405388467720e+02,1.359543193487017373e-03
8.697486171377838673e+02,5.558132467490951682e-03
8.699896009116271216e+02,6.757729402920647013e-03
8.702305918575561918e+02,1.316357703811522027e-02
8.704715899727516444e+02,-2.982997712768480341e-03
8.707125952543934773e+02,-4.902352809455993131e-03
8.709536076996619158e+02,-5.598119032004954167e-04
8.711946273057369581e+02,2.439180435373743128e-03
8.714356540697990567e+02,6.853697157755022328e-03
8.716766879890279824e+02,4.310551654644068260e-03
8.719177290606041879e+02,1.335551254778423328e-03
8.721587772817076711e+02,3.782729003055002297e-03
8.723998326495186575e+02,6.637769709377939597e-04
8.726408951612173723e+02,3.230914412757342289e-03
8.728819648139838137e+02,2.583132067625306533e-03
8.731230416049983205e+02,4.574462980438601459e-03
8.733641255314407772e+02,1.117224612530192708e-02
8.736052165904916365e+02,8.437165112522220650e-03
8.738463147793308963e+02,-6.965659538395069759e-03
8.740874200951387820e+02,4.238575838518286558e-03
8.743285325350952917e+02,9.180915212488632154e-03
8.745696520963808780e+02,-2.095295980550505865e-03
8.748107787761753116e+02,6.013979302954235509e-03
8.750519125716591589e+02,6.877689096463878967e-04
8.752930534800121904e+02,1.191599622526859923e-03
8.755342014984148591e+02,6.493818077126113815e-03
8.757753566240471628e+02,1.263575438652641625e-03
8.760165188540893269e+02,6.877689096463616807e-03
8.762576881857214630e+02,8.797044193151129163e-03
8.764988646161236829e+02,6.109947057788611691e-03
8.767400481424763257e+02,-3.942675261112236519e-03
8.769812387619592755e+02,6.997648790006585733e-03
8.772224364717529852e+02,5.942003486828453807e-03
8.774636412690374527e+02,-4.830376993330211428e-03
8.777048531509927898e+02,-5.598119032004954167e-04
8.779460721147992217e+02,-2.263239551510662882e-03
8.781872981576368602e+02,5.846035731994078492e-03
8.784285312766858169e+02,4.238575838518548610e-04
8.786697714691265446e+02,-8.237232289950285067e-04
8.789110187321388139e+02,5.798051854576890402e-03
8.791522730629029638e+02,2.607124006333900578e-03
8.793935344585991061e+02,-8.717071064122162722e-04
8.796348029164074660e+02,-4.398522096575258945e-04
8.798760784335081553e+02,-5.766062602965373561e-03
8.801173610070812856e+02,-9.436829225379979747e-04
8.803586506343070823e+02,-2.719086386973685525e-04
8.805999473123656571e+02,-4.830376993330211428e-03
8.808412510384372354e+02,5.030309815901885286e-03
8.810825618097019287e+02,-6.389853009388815272e-03
8.813238796233398489e+02,1.419523040258475859e-02
8.815652044765312212e+02,-5.046304441707556536e-03
8.818065363664561573e+02,-1.543481390252845857e-03
8.820478752902947690e+02,3.758737064346408252e-03
8.822892212452272815e+02,-4.350538219158333123e-03
8.825305742284339203e+02,5.678092161034183202e-04
8.827719342370946833e+02,5.222245325570636781e-03
8.830133012683897960e+02,-1.327553941875500533e-03
8.832546753194994835e+02,1.599462580572956526e-03
8.834960563876037440e+02,7.405511748052682336e-03
8.837374444698829166e+02,-5.382191583627871437e-03
8.839788395635171128e+02,-1.519489451544251812e-03
8.842202416656863306e+02,-8.717071064122162722e-04
8.844616507735709092e+02,-2.263239551510662882e-03
8.847030668843508465e+02,5.989987364245641897e-03
8.849444899952064816e+02,-2.551142816013790126e-03
8.851859201033178124e+02,1.896962620559494717e-02
8.854273572058650643e+02,-5.238239951376308032e-03
8.856688013000284627e+02,-7.133603109355226776e-03
8.859102523829880056e+02,-1.166807952527947577e-02
8.861517104519239183e+02,-6.917675660977881669e-03
8.863931755040164262e+02,-6.197917499720064644e-03
8.866346475364456410e+02,1.263575438652641625e-03
8.868761265463916743e+02,-1.255578125749718830e-03
8.871176125310346379e+02,4.694422673981570385e-03
8.873591054875548707e+02,-3.678763935317703754e-03
8.876006054131323708e+02,-1.519489451544251812e-03
8.878421123049474772e+02,8.389181235105033427e-03
8.880836261601799606e+02,-6.653764335183348470e-03
8.883251469760105010e+02,-3.726747812734891412e-03
8.885666747496188691e+02,-4.566465667535678230e-03
8.888082094781852902e+02,3.134946657922966541e-03
8.890497511588899897e+02,-3.366868732105982899e-03
8.892912997889130793e+02,1.093232673821598749e-02
8.895328553654347843e+02,1.551478703155768652e-03
8.897744178856351027e+02,-7.997312902864345697e-04
8.900159873466944873e+02,6.877689096463878967e-04
8.902575637457928224e+02,2.655107883751088669e-03
8.904991470801103333e+02,1.815390028950301634e-03
8.907407373468271317e+02,-5.646102909422404635e-03
8.909823345431235566e+02,-5.574127093296622933e-03
8.912239386661794924e+02,-5.118280257833076512e-04
8.914655497131752782e+02,-7.565458006109916991e-03
8.917071676812911392e+02,-2.455175061179414378e-03
8.919487925677069597e+02,-4.326546280449739511e-03
8.921904243696031926e+02,-2.431183122470820333e-03
8.924320630841598359e+02,-4.494489851409896528e-03
8.926737087085571147e+02,6.589785831960489997e-03
8.929153612399750273e+02,2.439180435373743128e-03
8.931570206755939125e+02,-5.118280257833076512e-04
8.933986870125938822e+02,-5.622110970713810156e-03
8.936403602481550479e+02,4.670430735272976773e-03
8.938820403794576350e+02,-2.623118632139571828e-03
8.941237274036816416e+02,3.206922474048748244e-03
8.943654213180074066e+02,3.062970841797184839e-03
8.946071221196149281e+02,-4.422514035284114825e-03
8.948488298056846588e+02,-8.909006573791176595e-03
8.950905443733963693e+02,-7.997312902861727349e-05
8.953322658199302850e+02,-1.169207146398807025e-02
8.955739941424668586e+02,2.487164312790931218e-03
8.958157293381859745e+02,-7.997312902864345697e-04
8.960574714042679716e+02,5.462164712656575501e-03
8.962992203378927343e+02,-5.214248012667713553e-03
8.965409761362407153e+02,-3.486828425648952259e-03
8.967827387964917989e+02,-5.598119032004954167e-04
8.970245083158264379e+02,6.877689096463616807e-03
8.972662846914245165e+02,-1.927352409590348415e-03
8.975080679204663738e+02,5.342205019113606575e-03
8.977498580001321216e+02,2.799059516002914017e-04
8.979916549276018713e+02,1.002063306728941811e-02
8.982334587000557349e+02,-6.341869131971628049e-03
8.984752693146739375e+02,-1.087634554789561380e-03
8.987170867686367046e+02,9.516802354409208782e-04
8.989589110591241479e+02,-2.935013835351292684e-03
8.992007421833163789e+02,-1.591465267670033514e-03
8.994425801383933958e+02,-5.094288319124744627e-03
8.996844249215357650e+02,-6.461828825514596975e-03
8.999262765299232569e+02,-5.790054541673968040e-03
9.001681349607362108e+02,8.701076438316752981e-03
9.004100002111547383e+02,-1.375537819292688407e-03
9.006518722783590647e+02,-6.365861070680221660e-03
9.008937511595291880e+02,-6.317877193262772277e-04
9.011356368518454474e+02,-8.285216167367734016e-03
9.013775293524879544e+02,-6.149933622302876553e-03
9.016194286586367070e+02,2.727083699876870371e-03
9.018613347674720444e+02,-1.111626493498155425e-03
9.021032476761739645e+02,-9.916667999551858487e-04
9.023451673819228063e+02,1.839381967658895462e-03
9.025870938818986815e+02,-7.133603109355226776e-03
9.028290271732817018e+02,-1.663441083795815217e-03
9.030709672532519789e+02,-1.351545880584094578e-03
9.033129141189896245e+02,-8.549127493162268082e-03
9.035548677676749776e+02,-7.445498312566947198e-03
9.037968281964880362e+02,-4.494489851409896528e-03
9.040387954026090256e+02,2.559140128916974647e-04
9.042807693832181712e+02,-1.102029718014744045e-02
9.045227501354954711e+02,-9.124934022168521702e-03
9.047647376566211506e+02,4.718414612690426807e-04
9.050067319437754350e+02,-6.725740151309130173e-03
9.052487329941383223e+02,6.397850322292000227e-04
9.054907408048902653e+02,-2.287231490219256928e-03
9.057327553732110346e+02,-5.886022296508343354e-03
9.059747766962810829e+02,8.797044193151391757e-04
9.062168047712802945e+02,4.478495225604487437e-04
9.064588395953891222e+02,1.647446457990144183e-03
9.067008811657875640e+02,-7.061627293229445074e-03
9.069429294796558452e+02,-7.901345148030231025e-03
9.071849845341739638e+02,1.460309336063085606e-02
9.074270463265223725e+02,-5.406183522336465049e-03
9.076691148538809557e+02,4.550471041730006980e-03
9.079111901134298250e+02,3.038978903088591227e-03
9.081532721023493195e+02,7.597447257721695992e-04
9.083953608178196646e+02,3.230914412757342289e-03
9.086374562570208582e+02,5.054301754610479765e-03
9.088795584171330120e+02,-1.687433022504409262e-03
9.091216672953364650e+02,-2.119287919259099477e-03
9.093637828888112153e+02,-5.358199644919277825e-03
9.096059051947374883e+02,-2.239247612801807327e-04
9.098480342102953955e+02,2.967003086962809091e-03
9.100901699326651624e+02,-6.509812702931785065e-03
9.103323123590267869e+02,-8.861022696373987637e-03
9.105744614865607218e+02,-1.591465267670033514e-03
9.108166173124468514e+02,-1.255578125749718830e-03
9.110587798338654011e+02,1.863373906367489508e-03
9.113009490479965962e+02,-8.477151677036486380e-03
9.115431249520206620e+02,4.238575838518548610e-04
9.117853075431174830e+02,3.926680635306565269e-03
9.120274968184673980e+02,8.197245725436281064e-03
9.122696927752506326e+02,7.165592360966743617e-03
9.125118954106470710e+02,-1.807392716047378839e-03
9.127541047218371659e+02,2.823051454711245686e-03
9.129963207060009154e+02,-5.934006173925531445e-03
9.132385433603185447e+02,-1.159610370915343299e-03
9.134807726819701656e+02,-6.221909438428658255e-03
9.137230086681360035e+02,-5.862030357799749743e-03
9.139652513159960563e+02,4.718414612690164864e-03
9.142075006227305494e+02,2.247244925704992066e-03
9.144497565855198218e+02,2.031317477327646958e-03
9.146920192015437578e+02,1.959341661201865255e-03
9.149342884679826966e+02,-1.903360470881754370e-03
9.151765643820166360e+02,-4.254570464323957808e-03
9.154188469408259152e+02,-4.686425361078648023e-03
9.156611361415906458e+02,-9.028966267334145521e-03
9.159034319814908258e+02,1.551478703155768652e-03
9.161457344577067943e+02,-3.462836486940358647e-03
9.163880435674186629e+02,-6.629772396474754859e-03
9.166303593078065433e+02,-8.956990451208102092e-04
9.168726816760505471e+02,1.076438316725582961e-02
9.171150106693310136e+02,5.582124406199545294e-03
9.173573462848278268e+02,1.599462580575836601e-05
9.175996885197214397e+02,-4.926344748164586743e-03
9.178420373711917364e+02,7.021640728715180212e-03
9.180843928364190560e+02,-7.277554741606790181e-03
9.183267549125835103e+02,-2.335215367636444585e-03
9.185691235968652109e+02,-8.213240351241952314e-03
9.188114988864443831e+02,-5.934006173925531445e-03
9.190538807785011386e+02,-3.438844548231764602e-03
9.192962692702155891e+02,-5.262231890084901643e-03
9.195386643587680737e+02,-6.437836886806003363e-03
9.197810660413383630e+02,1.114825418659333260e-02
9.200234743151071370e+02,2.031317477327646958e-03
9.202658891772541665e+02,-1.327553941875500533e-03
9.205083106249596767e+02,-9.820700244717744248e-03
9.207507386554040067e+02,3.422849922426093785e-03
9.209931732657670409e+02,-5.454167399753653139e-03
9.212356144532291182e+02,-9.532796980214617438e-03
9.214780622149703504e+02,-4.710417299787241635e-03
9.217205165481709628e+02,-7.757393515778406327e-04
9.219629774500109534e+02,5.630108283616733385e-03
9.222054449176705475e+02,2.511156251499524830e-03
9.224479189483299706e+02,-1.327553941875500533e-03
9.226903995391692206e+02,-2.791062203099729279e-03
9.229328866873687502e+02,9.204907151197226634e-03
9.231753803901083302e+02,-7.997312902864345697e-04
9.234178806445684131e+02,1.119623806401051982e-02
9.236603874479289971e+02,2.127285232162022272e-03
9.239029007973703074e+02,-7.061627293229445074e-03
9.241454206900724557e+02,9.756721741495148151e-04
9.243879471232156675e+02,1.455510948321392904e-03
9.246304800939801680e+02,2.007325538619052913e-03
9.248730195995458416e+02,-9.628764735048993620e-03
9.251155656370930274e+02,4.814382367524540178e-03
9.253581182038018369e+02,-7.445498312566947198e-03
9.256006772968524956e+02,-6.077957806176832907e-04
9.258432429134250015e+02,-7.253562802898196570e-03
9.260858150506996935e+02,7.213576238383931707e-03
9.263283937058566835e+02,-4.950336686873181222e-03
9.265709788760761967e+02,8.557124806065452387e-04
9.268135705585382311e+02,4.982325938484698062e-03
9.270561687504228985e+02,2.007325538619052913e-03
9.272987734489104241e+02,-1.831384654755972667e-03
9.275413846511811471e+02,-1.279570064458312659e-03
9.277840023544150654e+02,-1.231586187041125002e-03
9.280266265557922907e+02,-1.519489451543990031e-04
9.282692572524930483e+02,-2.623118632139571828e-03
9.285118944416974500e+02,-6.125941683594282941e-03
9.287545381205857211e+02,2.535148190208118876e-03
9.289971882863379733e+02,2.007325538619052913e-03
9.292398449361343182e+02,-2.311223428927850973e-03
9.294825080671549813e+02,-1.663441083795815217e-03
9.297251776765801878e+02,-9.220901777002896149e-03
9.299678537615898222e+02,1.503494825738580778e-03
9.302105363193643370e+02,-5.118280257833338238e-03
9.304532253470837304e+02,-1.008461157051227831e-02
9.306959208419282277e+02,-7.901345148030231025e-03
9.309386228010779405e+02,-1.231586187041125002e-03
9.311813312217130942e+02,7.837366644807635362e-04
9.314240461010138006e+02,-2.911021896642698639e-03
9.316667674361601712e+02,-1.015658738663779677e-03
9.319094952243323178e+02,1.273172214136053006e-02
9.321522294627104657e+02,-4.566465667535678230e-03
9.323949701484749539e+02,-2.479166999888008423e-03
9.326377172788056669e+02,-3.054973528894262044e-03
9.328804708508828298e+02,-6.845699844852099966e-03
9.331232308618866682e+02,-1.051646646726696853e-02
9.333659973089972937e+02,-4.086626893363799924e-03
9.336087701893948179e+02,2.895027270837027388e-03
9.338515495002594662e+02,-7.277554741606790181e-03
9.340943352387714640e+02,1.311559316069829499e-03
9.343371274021108093e+02,-4.974328625581774833e-03
9.345799259874576137e+02,-3.510820364357546304e-03
9.348227309919923300e+02,-2.959005774059886296e-03
9.350655424128948425e+02,2.223252986996398020e-03
9.353083602473453766e+02,-4.158602709489320117e-04
9.355511844925241576e+02,-2.863038019225510981e-03
9.357940151456114108e+02,-6.677756273891942082e-03
9.360368522037869070e+02,-9.628764735048993620e-03
9.362796956642312125e+02,-6.605780457766160380e-03
9.365225455241243253e+02,-3.582796180483328007e-03
9.367654017806463571e+02,-8.285216167367734016e-03
9.370082644309775333e+02,9.276882967323269412e-04
9.372511334722980791e+02,-8.021304841573201685e-03
9.374940089017879927e+02,-4.974328625581774833e-03
9.377368907166274994e+02,8.797044193154009563e-05
9.379797789139968245e+02,-2.743078325682541188e-03
9.382226734910759660e+02,3.518817677260731042e-04
9.384655744450452630e+02,-4.374530157866926734e-03
9.387084817730847135e+02,-1.186001503494822640e-02
9.389513954723745428e+02,1.959341661201865255e-03
9.391943155400949763e+02,-9.412837286671648512e-03
9.394372419734261257e+02,1.599462580572956526e-03
9.396801747695479889e+02,-5.646102909422404635e-03
9.399231139256409051e+02,7.597447257721695992e-04
9.401660594388849859e+02,-6.389853009388815272e-03
9.404090113064604566e+02,6.541801954543301906e-03
9.406519695255473152e+02,1.311559316069829499e-03
9.408949340933257872e+02,-6.293885254554439958e-03
9.411379050069759842e+02,2.367204619247961425e-03
9.413808822636782452e+02,4.910350122358916360e-03
9.416238658606125682e+02,-2.695094448265353531e-03
9.418668557949590650e+02,-1.999328225716130118e-03
9.421098520638980744e+02,-1.003662769309508936e-02
9.423528546646095947e+02,-1.039650677372373723e-03
9.425958635942738510e+02,-5.310215767502089734e-03
9.428388788500709552e+02,8.797044193151391757e-04
9.430819004291810188e+02,-8.309208106076328496e-03
9.433249283287844946e+02,7.645431135138621923e-03
9.435679625460611533e+02,7.117608483549555526e-03
9.438110030781913338e+02,-8.837030757665394892e-03
9.440540499223551478e+02,-5.094288319124744627e-03
9.442971030757327071e+02,3.542809615969063144e-03
9.445401625355043507e+02,7.309543993218307022e-03
9.447832282988500765e+02,4.622446857855788682e-03
9.450263003629499963e+02,-9.916667999552120430e-03
9.452693787249844490e+02,1.517889988963710968e-02
9.455124633821334328e+02,4.478495225604225277e-03
9.457555543315771729e+02,-2.982997712768480341e-03
9.459986515704958947e+02,-6.989651477103663371e-03
9.462417550960694825e+02,-8.909006573791176595e-03
9.464848649054785028e+02,3.278898290174792215e-04
9.467279809959027261e+02,5.918011548120122572e-04
9.469711033645226053e+02,-1.217191023815994769e-02
9.472142320085181382e+02,-1.039650677372111834e-04
9.474573669250694365e+02,-5.070296380416150148e-03
9.477005081113567257e+02,4.790390428815946566e-03
9.479436555645602311e+02,1.647446457990144183e-03
9.481868092818599507e+02,-7.949329025447419983e-03
9.484299692604361098e+02,-8.717071064122162722e-04
9.486731354974690476e+02,-5.838038419091155264e-03
9.489163079901386482e+02,-3.678763935317441920e-04
9.491594867356252507e+02,-1.032453095759821617e-02
9.494026717311088532e+02,-2.719086386973685525e-04
9.496458629737696810e+02,-6.653764335183348470e-03
9.498890604607879595e+02,-2.359207306345038630e-03
9.501322641893438004e+02,-7.037635354520589302e-04
9.503754741566173152e+02,-1.015658738663779677e-03
9.506186903597886158e+02,2.223252986996398020e-03
9.508619127960380411e+02,-3.390860670814576944e-03
9.511051414625457028e+02,-2.551142816013790126e-03
9.513483763564915989e+02,-3.630780057900516097e-03
9.515916174750559549e+02,3.734745125637814207e-03
9.518348648154191096e+02,1.575470641864362481e-03
9.520781183747608338e+02,2.271236864413586111e-03
9.523213781502616939e+02,-9.124934022168521702e-03
9.525646441391015742e+02,1.059643959629567346e-02
9.528079163384608137e+02,-1.303562003166906704e-03
9.530511947455192967e+02,-9.388845347963054033e-03
9.532944793574575897e+02,-1.178803921882244470e-02
9.535377701714553496e+02,-4.350538219158333123e-03
9.537810671846931427e+02,-3.702755874026297800e-03
9.540243703943510809e+02,-1.951344348298942244e-03
9.542676797976090484e+02,-3.822715567569267160e-03
9.545109953916474979e+02,-5.574127093296622933e-03
9.547543171736464274e+02,-3.678763935317703754e-03
9.549976451407859486e+02,-8.405175860910704677e-03
9.552409792902464005e+02,-6.773724028726318264e-03
9.554843196192077812e+02,1.359543193487279154e-04
9.557276661248504297e+02,-7.757393515778406327e-04
9.559710188043542303e+02,-7.517474128692466957e-04
9.562143776548994083e+02,5.798051854576890402e-03
9.564577426736663028e+02,1.047647990275296518e-03
9.567011138578350256e+02,-4.254570464323957808e-03
9.569444912045854608e+02,-8.309208106076328496e-03
9.571878747110981749e+02,7.453495625469870427e-03
9.574312643745530522e+02,-1.068441003822712468e-02
9.576746601921303181e+02,-1.303562003166906704e-03
9.579180621610100843e+02,-1.735416899921597136e-03
9.581614702783725761e+02,8.557124806065452387e-04
9.584048845413979052e+02,-6.845699844852099966e-03
9.586483049472662969e+02,-2.767070264391135234e-03
9.588917314931577494e+02,-1.447513635418470109e-03
9.591351641762526015e+02,-3.102957406311449701e-03
9.593786029937309650e+02,3.638777370803438892e-03
9.596220479427729515e+02,6.877689096463878967e-04
9.598654990205586728e+02,-1.519489451543990031e-04
9.601089562242682405e+02,-2.143279857967693523e-03
9.603524195510821073e+02,1.455510948321392904e-03
9.605958889981801576e+02,-2.431183122470820333e-03
9.608393645627425030e+02,-3.510820364357546304e-03
9.610828462419495963e+02,-1.279570064458312659e-03
9.613263340329813218e+02,-7.037635354520851462e-03
9.615698279330180185e+02,7.597447257721433832e-03
9.618133279392395707e+02,-6.365861070680221660e-03
9.620568340488265449e+02,-1.255578125749718830e-03
9.623003462589587116e+02,-2.095295980550505865e-03
9.625438645668164099e+02,-7.373522496441165495e-03
9.627873889695797516e+02,-2.239247612802069270e-03
9.630309194644289619e+02,9.516802354409208782e-04
9.632744560485441525e+02,-3.462836486940358647e-03
9.635179987191054352e+02,5.678092161034183202e-04
9.637615474732929215e+02,-6.797715967434649932e-04
9.640051023082869506e+02,1.623454519281550355e-03
9.642486632212676341e+02,7.717406951264403625e-03
9.644922302094149700e+02,-1.519489451544251812e-03
9.647358032699091837e+02,-1.519489451543990031e-04
9.649793823999305005e+02,5.318213080405012096e-03
9.652229675966590321e+02,-3.198925161142945374e-05
9.654665588572750039e+02,1.095631867692484392e-03
9.657101561789584139e+02,-2.071304041841911820e-03
9.659537595588896011e+02,-9.916667999551858487e-04
9.661973689942485635e+02,-2.383199245053632676e-03
9.664409844822155264e+02,5.582124406199545294e-03
9.666846060199706017e+02,-2.335215367636444585e-03
9.669282336046941282e+02,6.013979302954235509e-03
9.671718672335659903e+02,2.751075638585463983e-03
9.674155069037666408e+02,-6.797715967434649932e-04
9.676591526124759639e+02,-3.198925161145563722e-04
9.679028043568741850e+02,1.599462580572956526e-03
9.681464621341414158e+02,-9.868684122134933207e-03
9.683901259414581091e+02,-5.094288319124744627e-03
9.686337957760040354e+02,-1.519489451544251812e-03
9.688774716349596474e+02,-1.075638585435290638e-02
9.691211535155049432e+02,5.918011548119860195e-03
9.693648414148200345e+02,-4.830376993330211428e-03
9.696085353300852603e+02,8.797044193151391757e-04
9.698522352584805049e+02,7.213576238383931707e-03
9.700959411971862210e+02,-1.687433022504409262e-03
9.703396531433824066e+02,-2.455175061179414378e-03
9.705833710942491734e+02,-6.173925561011470164e-03
9.708270950469668605e+02,-7.205578925481008479e-03
9.710708249987154659e+02,-5.934006173925531445e-03
9.713145609466752148e+02,-4.662433422370054412e-03
9.715583028880262191e+02,-6.293885254554439958e-03
9.718020508199485903e+02,-5.190256073959119941e-03
9.720458047396225538e+02,-7.541466067401323380e-03
9.722895646442284487e+02,1.153212520593083559e-02
9.725333305309459320e+02,6.877689096463878967e-04
9.727771023969556836e+02,8.797044193154009563e-05
9.730208802394375880e+02,-1.147614401561072514e-02
9.732646640555719841e+02,-6.941667599686475280e-03
9.735084538425387564e+02,-9.796708306009151504e-03
9.737522495975182437e+02,-3.966667199820830998e-03
9.739960513176904442e+02,2.007325538619052913e-03
9.742398590002358105e+02,8.173253786727688319e-03
9.744836726423341133e+02,1.647446457990144183e-03
9.747274922411660327e+02,2.703091761168276326e-03
9.749713177939112256e+02,5.774059915868296790e-03
9.752151492977500311e+02,-3.990659138529424610e-03
9.754589867498625608e+02,5.270229202987824872e-03
9.757028301474290402e+02,-4.254570464323957808e-03
9.759466794876296944e+02,-3.246909038563013539e-03
9.761905347676444080e+02,1.719422274115925886e-03
9.764343959846537473e+02,-4.494489851409896528e-03
9.766782631358374829e+02,-3.030981590185667998e-03
9.769221362183759538e+02,-1.186001503494822640e-02
9.771660152294492718e+02,-2.719086386973685525e-04
9.774099001662375485e+02,-9.556788918923211917e-03
9.776537910259211230e+02,-2.095295980550505865e-03
9.778976878056799933e+02,7.357527870635756622e-04
9.781415905026943847e+02,-7.157595048063820388e-03
9.783854991141442952e+02,1.191599622526859923e-03
9.786294136372100638e+02,9.756721741495148151e-04
9.788733340690718023e+02,2.031317477327646958e-03
9.791172604069096224e+02,3.566801554677657190e-03
9.793611926479037493e+02,6.517810015834708294e-03
9.796051307892342948e+02,4.526479103021413368e-03
9.798490748280813705e+02,4.478495225604487437e-04
9.800930247616252018e+02,-3.126949345020043746e-03
9.803369805870457867e+02,-7.997312902861727349e-05
9.805809423015236916e+02,-3.966667199820830998e-03
9.808249099022385735e+02,-1.111626493498155425e-03
9.810688833863709988e+02,-5.262231890084901643e-03
9.813128627511007380e+02,-5.358199644919277825e-03
9.815568479936082440e+02,2.391196557956555471e-03
9.818008391110735147e+02,-2.047312103133317775e-03
9.820448361006767755e+02,-1.310759584779510982e-02
9.822888389595982517e+02,-3.054973528894262044e-03
9.825328476850179413e+02,-4.326546280449739511e-03
9.827768622741161835e+02,8.797044193151391757e-04
9.830208827240728624e+02,3.446841861134687397e-03
9.832649090320684309e+02,2.247244925704992066e-03
9.835089411952828868e+02,-1.615457206378627560e-03
9.837529792108964557e+02,1.359543193487279154e-04
9.839970230760891354e+02,1.599462580572956526e-03
9.842410727880412651e+02,-8.141264535116170611e-03
9.844851283439329563e+02,-5.358199644919015882e-04
9.847291897409443209e+02,-8.381183922202110198e-03
9.849732569762555840e+02,-2.815054141808322891e-03
9.852173300470467439e+02,-4.854368932038805040e-03
9.854614089504981393e+02,-7.997312902864607206e-03
9.857054936837897685e+02,1.791398090241707805e-03
9.859495842441020841e+02,-4.062634954655206312e-03
9.861936806286148567e+02,-6.773724028726318264e-03
9.864377828345084254e+02,-1.111626493498155425e-03
9.866818908589629018e+02,4.238575838518286558e-03
9.869260046991586250e+02,-6.749732090017723785e-03
9.871701243522754794e+02,5.198253386862304462e-04
9.874142498154938039e+02,-1.209993442203416598e-02
9.876583810859937103e+02,7.117608483549817252e-04
9.879025181609551964e+02,-2.599126693430977783e-03
9.881466610375587152e+02,2.295228803122179723e-03
9.883908097129841508e+02,-2.911021896642698639e-03
9.886349641844119560e+02,4.958333999776366177e-04
9.888791244490219015e+02,-1.063642616080967551e-03
9.891232905039945535e+02,-6.797715967434911875e-03
9.893674623465096829e+02,-2.479166999887746155e-04
9.896116399737476286e+02,-1.399529758001282235e-03
9.898558233828886159e+02,7.093616544840961914e-03
9.901000125711127566e+02,2.919019209545621434e-03
9.903442075356001624e+02,-5.118280257833338238e-03
9.905884082735309448e+02,-7.517474128692466957e-04
9.908326147820853294e+02,4.214583899809692946e-03
9.910768270584435413e+02,1.959341661201865255e-03
9.913210450997855787e+02,6.757729402920647013e-03
9.915652689032916669e+02,3.302890228883123992e-03
9.918094984661420312e+02,2.775067577294058029e-03
9.920537337855168971e+02,3.254906351465936334e-03
9.922979748585961488e+02,-8.980982389916958297e-03
9.925422216825600117e+02,-1.495497512835657983e-03
9.927864742545888248e+02,-5.094288319124744627e-03
9.930307325718624725e+02,9.516802354409208782e-04
9.932749966315615211e+02,-3.822715567569267160e-03
9.935192664308657413e+02,-4.158602709489320117e-04
9.937635419669553585e+02,-8.357191983493515719e-03
9.940078232370108253e+02,-4.878360870747399519e-03
9.942521102382117988e+02,5.750067977159703178e-03
9.944964029677388453e+02,-1.327553941875500533e-03
9.947407014227719628e+02,-3.918683322403642907e-03
9.949850056004913768e+02,-7.349530557732571884e-03
9.952293154980771988e+02,1.141216551238786493e-02
9.954736311127095405e+02,-2.071304041841911820e-03
9.957179524415685137e+02,1.983333599910458867e-03
9.959622794818344573e+02,2.703091761168276326e-03
9.962066122306872558e+02,-5.142272196541931850e-03
9.964509506853073617e+02,4.454503286895631665e-03
9.966952948428748869e+02,9.828697557620667477e-03
9.969396447005698292e+02,-4.038643015946612701e-03
9.971840002555723004e+02,1.047647990275270280e-02
9.974283615050627532e+02,-3.846707506277861205e-03
9.976727284462210719e+02,-6.077957806177094850e-03
9.979171010762275955e+02,-1.999328225716130118e-03
9.981614793922622084e+02,-5.814046480382561652e-03
9.984058633915054770e+02,-9.364853409254459554e-03
9.986502530711371719e+02,-5.022312502998962924e-03
9.988946484283377458e+02,-4.782393115913023338e-03
9.991390494602870831e+02,-7.541466067401323380e-03
9.993834561641655228e+02,7.741398889972997237e-03
9.996278685371531765e+02,-8.477151677036486380e-03
9.998722865764300423e+02,-2.623118632139571828e-03
1.000116710279176573e+03,-5.598119032004954167e-04
1.000361139642572880e+03,-4.158602709489581627e-03
1.000605574663798848e+03,-4.326546280449739511e-03
1.000850015340034815e+03,-4.974328625581774833e-03
1.001094461668461122e+03,-4.614449544952866321e-03
1.001338913646257538e+03,-1.543481390252845857e-03
1.001583371270604403e+03,2.799059516002652074e-03
1.001827834538681941e+03,-2.287231490219256928e-03
1.002072303447670151e+03,-3.774731690152079502e-03
1.002316777994749373e+03,2.319220741830773768e-03
1.002561258177099717e+03,-3.918683322403642907e-03
1.002805743991901181e+03,9.780713680203480254e-03
1.003050235436334106e+03,4.022648390140941450e-03
1.003294732507578487e+03,-8.885014635082582116e-03
1.003539235202814780e+03,-1.255578125749718830e-03
1.003783743519222753e+03,3.398857983717499739e-03
1.004028257453982860e+03,1.023656051566702689e-03
1.004272777004274985e+03,-4.590457606244272709e-03
1.004517302167279581e+03,-6.533804641640378677e-03
1.004761832940176532e+03,-2.383199245053632676e-03
1.005006369320146177e+03,-1.735416899921597136e-03
1.005250911304368742e+03,2.127285232162022272e-03
1.005495458890024111e+03,-8.956990451208102092e-04
1.005740012074292508e+03,4.334543593352661872e-03
1.005984570854354274e+03,2.175269109579210363e-03
1.006229135227389520e+03,3.254906351465936334e-03
1.006473705190578244e+03,-6.701748212600536561e-03
1.006718280741100784e+03,-5.358199644919015882e-04
1.006962861876137026e+03,-4.566465667535678230e-03
1.007207448592867536e+03,-2.551142816013790126e-03
1.007452040888472197e+03,-5.981990051342718669e-03
1.007696638760131009e+03,1.095631867692458197e-02
1.007941242205024537e+03,-2.359207306345038630e-03
1.008185851220332665e+03,7.069624606132368302e-03
1.008430465803235620e+03,-2.863038019225510981e-03
1.008675085950913513e+03,-2.959005774059624352e-04
1.008919711660546682e+03,-6.605780457766160380e-03
1.009164342929315012e+03,2.463172374082337173e-03
1.009408979754398842e+03,1.143615745109672049e-03
1.009653622132978171e+03,-1.351545880584094578e-03
1.009898270062233337e+03,-7.781385454487262099e-03
1.010142923539344451e+03,-8.453159738327891901e-03
1.010387582561491513e+03,2.079301354745096450e-04
1.010632247125854974e+03,3.542809615969063144e-03
1.010876917229614605e+03,-3.918683322403642907e-03
1.011121592869950973e+03,-3.990659138529424610e-03
1.011366274044043962e+03,3.638777370803438892e-03
1.011610960749073797e+03,-1.032453095759821617e-02
1.011855652982220590e+03,6.445834199708926592e-03
1.012100350740664567e+03,-2.215255674093475225e-03
1.012345054021585838e+03,-1.471505574127063938e-03
1.012589762822164630e+03,-3.078965467602856089e-03
1.012834477139581054e+03,-5.766062602965373561e-03
1.013079196971015335e+03,-3.654771996609109709e-03
1.013323922313647472e+03,5.438172773948243832e-04
1.013568653164657690e+03,6.541801954543301906e-03
1.013813389521226100e+03,-3.414852609523170556e-03
1.014058131380532927e+03,4.334543593352661872e-03
1.014302878739758398e+03,-8.261224228659141272e-03
1.014547631596082624e+03,4.166600022392504855e-03
1.014792389946685603e+03,-1.013259544792946554e-02
1.015037153788747673e+03,-5.598119032004954167e-04
1.015281923119448948e+03,-2.911021896642698639e-03
1.015526697935969651e+03,-8.093280657698983388e-03
1.015771478235489667e+03,2.559140128916712921e-03
1.016016264015189449e+03,-1.092432942531306427e-02
1.016261055272248996e+03,-1.015658738663779677e-03
1.016505852003848531e+03,2.103293293453428661e-03
1.016750654207168168e+03,-3.894691383695048862e-03
1.016995461879388131e+03,-4.710417299787241635e-03
1.017240275017688532e+03,-1.759408838629929130e-04
1.017485093619249596e+03,-1.063642616080967551e-03
1.017729917681251209e+03,-4.830376993330211428e-03
1.017974747200873821e+03,-3.726747812734891412e-03
1.018219582175297546e+03,7.069624606132368302e-03
1.018464422601702381e+03,2.199261048287803975e-03
1.018709268477268665e+03,3.182930535340154632e-03
1.018954119799176510e+03,5.726076038451108699e-03
1.019198976564606028e+03,-2.767070264391135234e-03
1.019443838770737329e+03,-3.102957406311449701e-03
1.019688706414750527e+03,1.143615745109672049e-03
1.019933579493826073e+03,-3.798723628860673114e-03
1.020178458005143852e+03,-6.869691783560693578e-03
1.020423341945883976e+03,1.743414212824519931e-03
1.020668231313226784e+03,-1.807392716047378839e-03
1.020913126104352500e+03,-6.389853009388815272e-03
1.021158026316441010e+03,-1.351545880584120729e-02
1.021402931946672652e+03,-4.662433422370054412e-03
1.021647842992227424e+03,-1.735416899921597136e-03
1.021892759450285780e+03,3.518817677260469099e-03
1.022137681318027603e+03,9.204907151197226634e-03
1.022382608592633119e+03,7.837366644807635362e-04
1.022627541271282553e+03,-5.310215767502089734e-03
1.022872479351156016e+03,6.853697157755022328e-03
1.023117422829433622e+03,4.958333999776366177e-04
1.023362371703295480e+03,-4.734409238495836114e-03
1.023607325969922044e+03,1.551478703155768652e-03
1.023852285626492971e+03,-9.652756673757588099e-03
1.024097250670188942e+03,-4.686425361078648023e-03
1.024342221098189839e+03,-2.913421090513584194e-02
1.024587196907675661e+03,-3.208521936629289001e-02
1.024832178095826976e+03,-3.102957406311476068e-02
1.025077164659823438e+03,-3.174933222437258118e-02
1.025322156596845616e+03,-3.218118712112726792e-02
1.025567153904073621e+03,-3.160538059212101430e-02
